100000110000000000
3
010000110000000000
3
001000110000000000
0
001000110000000000
0
001000110000000000
0
001000110000000000
0
001000110000000000
0
001000110000000000
2
001000000000000000
4
001000100000000000
1
001000010000000010
4
001000110000000010
3
000100110000000010
1
000100010001000010
4
000100110101000000
3
000010110101010000
3
000001110101010000
2
000001000001010000
4
000001100001010000
3
000010100001010000
2
000010000001010000
4
000010101001000000
3
000100101001000000
3
001000101001000100
2
001000001001100100
4
001000101000100100
3
010000101000100100
3
100000101000100110
1
100000010000100110
4
100000110000100110
3
010000110000100110
3
001000110000100110
1
001000010000100110
4
001000110100100010
3
000100110100100010
1
000100010100100010
4
000100110100100001
3
000010110100100001
1
000010010100100001
0
000010010100100000
0
100000110000000000
3
010000110001000000
3
001000110001000000
2
001000000001000000
4
001000101000000010
3
010000101000000010
3
100000101000000010
1
100000010000001010
4
100000110000001010
3
010000110000001010
1
010000010000001010
4
010000110100000010
3
001000110100100010
3
000100110100100010
1
000100010100100010
4
000100110100100000
3
000010110100110000
3
000001110100110100
2
000001000000110100
4
000001100000110100
3
000010100000110100
2
000010000000110100
4
000010101001100100
3
000100101001101100
2
000100001001101100
4
000100101001001100
3
001000101001001100
2
001000001001001100
4
001000101000001100
3
010000101000001100
3
100000101000001100
1
100000010000001100
4
100000110000011100
3
010000110000011100
1
010000010000011100
4
010000110100010100
3
001000110100010100
1
001000010100010100
0
001000010100010000
0
001000110100010000
0
100000110000000000
3
010000110000000000
3
001000110000000000
1
001000010000000000
0
001000010000000000
4
001000110000000000
0
001000110000000000
2
001000000000000000
4
001000100000000000
0
001000100000000100
1
001000010000000100
4
001000110100000000
3
000100110100000000
3
000010110100000000
3
000001110100000000
2
000001000000000000
4
000001100000000000
3
000010100000000100
3
000100100010000100
3
001000100010000100
3
010000100010000100
2
010000000010000100
4
010000101000000100
3
100000101000000100
1
100000010000000100
4
100000110000000100
3
010000110000000100
3
001000110000000100
1
001000010000000100
4
001000110100000000
3
000100110100000000
3
000010110100000001
1
000010010100100001
4
000010110100100000
3
000001110101100000
2
000001000001100000
4
000001100001100000
3
000010100001100000
1
000010000001100000
0
000010000001100000
0
100000110000000000
3
010000110000100000
3
001000110000100000
3
000100110001100000
2
000100000001100000
4
000100101001000000
3
001000101001000000
2
001000001001000000
4
001000101000000000
3
010000101000000000
3
100000101000000000
1
100000010000000000
4
100000110000000000
3
010000110000000000
3
001000110000000010
3
000100110000000010
1
000100010000000010
4
000100110100000000
3
000010110100000000
3
000001110100000000
2
000001000000000000
4
000001100000000000
3
000010100000000000
3
000100100000000001
1
000100010000000001
4
000100110000000001
3
000010110000000001
1
000010010010000001
4
000010110111000010
3
000001110111000010
2
000001000011000010
4
000001100011000110
3
000010100011000110
3
000100100011000110
3
001000100011000110
2
001000000011000110
4
001000101010000110
3
010000101010000110
2
010000001010000110
0
010000001000000110
0
100000110000000000
3
010000110000000100
3
001000110000000100
1
001000010000000100
4
001000110100000000
3
000100110100000000
3
000010110100000000
3
000001110100010000
2
000001000001010000
4
000001100001010000
3
000010100001010000
2
000010000001010000
4
000010101001000000
3
000100101001000000
3
001000101001000000
2
001000001001000000
4
001000101000000000
3
010000101000000000
3
100000101000000000
1
100000010000000000
4
100000110000000000
3
010000110000000010
3
001000110000000010
3
000100110000000010
1
000100010000000010
4
000100110100000000
3
000010110100000000
3
000001110100000000
2
000001000000000000
4
000001100000000000
3
000010100000000000
3
000100100000000000
0
000100100000000000
0
000100100000000000
0
000100100000000000
0
000100100000000000
3
001000100000000000
1
001000010000000000
0
001000010000000000
0
001000010000000000
0
100000110000000000
0
100000110000000000
3
010000110000000000
3
001000110000000000
3
000100110000000100
2
000100000000000100
4
000100100000000100
3
001000100000000100
1
001000010000000100
4
001000110100000000
3
000100110100000000
3
000010110100000000
3
000001110100000000
2
000001000000000000
4
000001100000000000
3
000010100000010000
2
000010000001010001
4
000010101001000101
3
000100101001000101
3
001000101001000101
2
001000001001000101
4
001000101000000101
3
010000101000000101
3
100000101000000101
1
100000010000000101
4
100000110000000101
3
010000110000000101
3
001000110000000101
1
001000010000000101
4
001000110110000001
3
000100110110100001
3
000010110110100001
1
000010010110100101
4
000010110110100100
3
000001110110100100
2
000001000010110100
4
000001100010110100
3
000010100010110100
2
000010000010110100
0
000010101010100100
0
100000110000000000
3
010000110000000000
1
010000010000000000
4
010000110000000000
0
010000110000000000
0
010000110000000000
3
001000110000000000
0
001000110000000000
0
001000110000000000
0
001000110000000000
2
001000000000000000
4
001000100001000010
2
001000000001000010
4
001000101000000010
3
010000101010000010
2
010000001010000010
4
010000101000000010
3
100000101000000110
1
100000010000000110
4
100000110000000110
3
010000110000000110
3
001000110000000110
1
001000010000000110
4
001000110100000010
3
000100110100000010
1
000100010100000110
4
000100110100000100
3
000010110100000100
3
000001110100000100
2
000001000000000100
4
000001100000000100
3
000010100000000100
3
000100100001000100
3
001000100001000100
2
001000000001000100
4
001000101000000100
3
010000101000000101
3
100000101000100101
0
100000010000100101
0
100000110000100101
0
100000110000000000
3
010000110000000000
3
001000110000000000
0
001000110000000000
0
001000110001000000
2
001000000001000000
4
001000101000000000
3
010000101000000001
3
100000101000000001
1
100000010000000001
4
100000110000000001
3
010000110000000001
3
001000110000000001
3
000100110000000001
3
000010110000000001
1
000010010000000001
4
000010110100000001
1
000010010100000001
4
000010110100000000
3
000001110100000000
2
000001000000000000
4
000001100000000000
3
000010100000000000
3
000100100000000000
3
001000100000000000
0
001000100001000000
2
001000000001000000
4
001000101000000000
3
010000101000000000
3
100000101000000000
1
100000010000000000
4
100000110000000000
3
010000110000000000
3
001000110000000000
3
000100110000000000
0
000100110000000000
0
000100110000000000
3
000010110000000010
1
000010000000000010
0
000010010000001010
0
100000110000000000
3
010000110000000000
3
001000110000000000
0
001000110000000000
1
001000010000000000
4
001000110000000000
3
000100110000000000
0
000100110000000000
3
000010110000000000
1
000010010000000000
2
000010000000000000
4
000010100000000000
0
000010100000000000
3
000100100000000000
0
000100100000000101
3
001000100001001101
1
001000010001001101
4
001000110101001001
3
000100110111001001
3
000010110111001001
1
000010010111011001
4
000010110111011000
3
000001110111011000
2
000001000011011000
4
000001100011011000
3
000010100011011000
2
000010000011011000
4
000010101011001000
3
000100101011001000
3
001000101011001000
2
001000001011001000
4
001000101010001000
3
010000101010001001
2
010000001010001001
4
010000101000001001
3
100000101001001001
0
100000000001001001
0
100000100001001001
0
100000000001011011
0
100000000001011011
0
100000110000000000
3
010000110000000000
0
010000110000000000
3
001000110000000000
0
001000110000000100
1
001000010000000100
4
001000110100000000
3
000100110100000000
3
000010110100000000
3
000001110100000000
2
000001000000000000
4
000001100000000000
3
000010100000000000
3
000100100000000000
0
000100100000000000
0
000100100010000000
3
001000100010000000
3
010000100010000000
2
010000000010000110
4
010000101000000110
3
100000101000000110
1
100000010000000110
4
100000110000000110
3
010000110010000110
2
010000000010000110
4
010000101001000110
3
100000101001000110
1
100000010001000110
4
100000110001000110
3
010000110001000110
3
001000110001000110
1
001000010001000110
4
001000110101000010
3
000100110101010011
1
000100010101010011
4
000100110101010001
3
000010110101010001
1
000010010101010001
0
000010010101010000
0
000010010101010000
0
100000110000000000
3
010000110000000000
3
001000110000000000
0
001000110000000000
1
001000010000000000
4
001000110000000000
0
001000110000000000
0
001000110000000000
0
001000110000000000
0
001000110001000000
2
001000000001000000
4
001000101000000000
3
010000101000000000
3
100000101000010000
1
100000010000010000
4
100000110000010000
3
010000110000010000
3
001000110000010000
3
000100110000010000
3
000010110000010000
2
000010000000010000
4
000010101000000000
3
000100101000000000
3
001000101000000000
3
010000101000000000
3
100000101000000000
1
100000010000000000
4
100000110000000000
3
010000110000000000
0
010000110000000000
3
001000110000000000
0
001000110011000000
2
001000000011000000
4
001000101010000000
3
010000101010000000
2
010000001010000000
4
010000101000000000
3
100000101000100000
0
100000010000100000
0
100000110000100000
0
100000110000000000
3
010000110000000000
0
010000110000000000
0
010000110000000001
3
001000110000000001
3
000100110000000001
3
000010110000000001
1
000010010000000001
4
000010110100000000
3
000001110100000010
2
000001000000000010
4
000001100000000010
3
000010100000010010
3
000100100000010011
1
000100010000010011
4
000100110100010001
3
000010110100010001
1
000010010100010001
4
000010110100010000
3
000001110100010100
2
000001000000010100
4
000001100000010100
3
000010100000010100
2
000010000000010100
4
000010101000000100
3
000100101000000100
3
001000101000000100
3
010000101000000100
3
100000101000000100
1
100000010000000100
4
100000110000000100
3
010000110000000100
3
001000110000000100
1
001000010000010100
4
001000110100010000
3
000100110100010000
3
000010110101010000
3
000001110101010000
0
000001110001010000
0
000001110001010000
0
100000110000000000
3
010000110000000000
3
001000110000000000
0
001000110000000000
1
001000010000000000
4
001000110000000000
0
001000110000000000
0
001000110000000000
0
001000110000000000
0
001000110000000000
0
001000110000000000
0
001000110000000000
0
001000110000000000
0
001000110000000000
0
001000110000000000
1
001000010001010000
2
001000000001010000
4
001000101000010000
3
010000101000010000
3
100000101000010000
1
100000010000010000
4
100000110000010000
3
010000110000010000
3
001000110000010000
3
000100110000010001
3
000010110000010001
1
000010010000010001
4
000010110100010000
3
000001110100010000
2
000001000000110000
4
000001100000110010
3
000010100000110010
2
000010000000110010
4
000010101000100010
3
000100101000100010
2
000100001000100010
4
000100101000010010
3
001000101000010010
2
001000001000010010
0
001000001000010010
0
100000110000000000
3
010000110000001000
1
010000010000001000
4
010000110100000001
3
001000110100000001
3
000100110100000001
3
000010110100000001
1
000010010100000001
4
000010110100000000
3
000001110100000000
2
000001000000000000
4
000001100000000000
3
000010100000000000
0
000010100000000100
3
000100100000000100
3
001000100000000100
1
001000010000000100
4
001000110100000000
3
000100110100000000
3
000010110100000000
3
000001110100000000
2
000001000000000000
4
000001100000000000
3
000010100000000000
3
000100100000100000
2
000100000000110000
4
000100101000010010
3
001000101000010010
3
010000101000010010
3
100000101000010010
1
100000010000010010
4
100000110000010010
3
010000110000010010
3
001000110000010010
3
000100110000010010
1
000100010000010010
4
000100110100010000
3
000010110100010000
3
000001110100010000
0
000001000000110000
0
100000110000000000
3
010000110000000000
3
001000110000000000
0
001000110000000000
0
001000110000000100
1
001000010000000100
4
001000110100000000
3
000100110100000001
3
000010110100000001
1
000010010100000001
4
000010110100000000
3
000001110100100000
2
000001000000100000
4
000001100001100000
3
000010100001100000
3
000100100001100000
2
000100000001100000
4
000100101001000000
3
001000101011000000
2
001000001011000000
4
001000101010000000
3
010000101010000000
2
010000001010000000
4
010000101000000100
3
100000101000000100
1
100000010000000100
4
100000110000000100
3
010000110000000100
3
001000110000000100
1
001000010000000100
4
001000110100000000
3
000100110100000000
3
000010110100000000
3
000001110100000000
2
000001000000000000
4
000001100000000000
3
000010100000000000
2
000010000000000000
0
000010000000000000
0
000010010001000000
0
100000110000000000
3
010000110000000000
3
001000110000000000
1
001000010010000000
2
001000000010000001
4
001000100010000001
3
010000100010000001
2
010000000010000001
4
010000101000000001
3
100000101000000001
1
100000010000000001
4
100000110000000001
3
010000110000000001
3
001000110000000001
3
000100110010000001
3
000010110010000001
1
000010010010000001
4
000010110110000000
3
000001110110000000
2
000001000010100000
4
000001100010100000
3
000010100010100000
3
000100100010100000
2
000100000010100000
4
000100101010000000
3
001000101010000000
3
010000101010000000
2
010000001010000000
4
010000101000000000
3
100000101000000000
1
100000010000000000
4
100000110000000000
3
010000110000000000
3
001000110000000000
1
001000010001000000
2
001000000001000000
4
001000101000100000
3
010000101000100000
3
100000101000100000
0
100000010000100000
0
100000110000000000
3
010000110000000000
3
001000110000000000
0
001000110000000000
0
001000110000000000
0
001000110000000000
0
001000110000000000
1
001000010000100000
4
001000110000100000
3
000100110000100000
2
000100000000100000
4
000100101000000000
3
001000101000000000
3
010000101000000010
3
100000101000000010
1
100000010000000010
4
100000110000000010
3
010000110000000010
3
001000110000000010
3
000100110000000010
1
000100010000000010
4
000100110100000000
3
000010110100000000
3
000001110100000000
2
000001000000000000
4
000001100000000000
3
000010100000000100
3
000100100000000100
3
001000100000000100
1
001000010000000110
4
001000110100000010
3
000100110100000010
1
000100010100000010
4
000100110100000100
3
000010110100000100
3
000001110100000100
0
000001010000010100
0
000001110000010100
0
000001000000010100
0
000001100000010100
0
100000110000000000
3
010000110000000000
3
001000110000000000
0
001000110000000000
0
001000110000000000
0
001000110000000000
0
001000110000000001
3
000100110000100011
1
000100010000100011
4
000100110100100001
3
000010110100100001
1
000010010100100001
4
000010110100100000
3
000001110100100000
2
000001000000100000
4
000001100000100000
3
000010100000100000
3
000100100000100000
2
000100000000100000
4
000100101000000000
3
001000101000000000
3
010000101000000000
3
100000101001000000
1
100000010001000000
4
100000110001000000
3
010000110001000000
0
010000110001000000
3
001000110001000000
2
001000000001000000
4
001000101000000000
3
010000101000000000
3
100000101000000000
1
100000010000000000
0
100000010000000000
4
100000110000000000
3
010000110000000000
0
010000110000000000
1
010000010000000000
0
010000010000000000
0
010000110000000000
0
100000110000000000
3
010000110000000000
3
001000110000000000
2
001000000001000000
4
001000101000000000
3
010000101000000000
3
100000101000000000
1
100000010000000000
4
100000110000000000
3
010000110000000000
3
001000110000000000
0
001000110000000000
0
001000110000000000
0
001000110000000000
0
001000110000000000
0
001000110000000001
3
000100110010000001
3
000010110011000001
1
000010010011000101
4
000010110111000100
3
000001110111000100
2
000001000011000100
4
000001100011000100
3
000010100011000100
3
000100100011000100
3
001000100011001100
2
001000000011001100
4
001000101010001100
3
010000101010001100
2
010000001010001100
4
010000101000001100
3
100000101000001100
1
100000010000001100
4
100000110000001100
3
010000110000001110
1
010000010000001110
4
010000110100000110
3
001000110100000110
1
001000010100000110
0
001000110100000010
0
100000110000000000
3
010000110000000000
0
010000110000000000
3
001000110000000000
2
001000000000000000
1
001000010000000000
4
001000110000000100
1
001000010000000100
4
001000110100000000
3
000100110100000000
3
000010110100000000
3
000001110100000000
2
000001000000000000
4
000001100000000000
3
000010100000100000
3
000100100000100000
2
000100000000100000
4
000100101000000000
3
001000101000000000
3
010000101000000000
3
100000101000000000
1
100000010000000000
4
100000110000000000
3
010000110000000000
3
001000110000000000
1
001000010000000000
4
001000110010000000
2
001000000010000000
4
001000100010100000
3
010000100010100000
2
010000000010100000
4
010000101000100000
3
100000101000100000
1
100000010000100000
4
100000110000100000
3
010000110000100001
3
001000110000100001
3
000100110000100101
2
000100000000100101
0
000100101010000101
0
100000110000000000
3
010000110000001000
1
010000010001001000
4
010000110101000000
3
001000110101000000
3
000100110101000000
3
000010110101000000
3
000001110101000000
2
000001000011000000
4
000001100011000000
3
000010100011000000
3
000100100011000000
3
001000100011000000
2
001000000011000000
4
001000101011000000
2
001000001011010000
4
001000101010010000
3
010000101010010100
2
010000001010010100
4
010000101000010100
3
100000101000010100
1
100000010000010100
4
100000110000010110
3
010000110000010110
3
001000110000010110
1
001000010000010110
4
001000110100010010
3
000100110100010010
1
000100010110010010
4
000100110110010001
3
000010110110010001
1
000010010110010001
4
000010110110010000
3
000001110110010000
2
000001000010010000
4
000001100010010000
3
000010100010010000
2
000010000010010000
0
000010001011000000
0
000010101011000000
0
100000110000000000
3
010000110000000000
0
010000110000000000
3
001000110000000000
0
001000110000000000
0
001000110000001000
2
001000000000001000
4
001000100000001000
3
010000100000001000
1
010000010000001000
4
010000110100000000
3
001000110100000000
3
000100110100000000
3
000010110100000000
3
000001110100000000
2
000001000000000000
4
000001100000000000
3
000010100000000000
0
000010100000000000
3
000100100000000000
0
000100100000000000
3
001000100000000000
0
001000100000000000
0
001000100000000000
0
001000100010000000
3
010000100010000000
2
010000000010000000
4
010000101000000000
3
100000101000000100
1
100000010000000100
4
100000110000000100
3
010000110000000100
3
001000110000110100
3
000100110000110100
2
000100000000110100
4
000100101000010100
3
001000101000010100
3
010000101000010100
3
100000101010010100
0
100000010010010100
0
100000110000000000
3
010000110000000000
3
001000110000000000
0
001000110000000000
0
001000110000000100
1
001000010000000100
4
001000110100000000
3
000100110100000000
3
000010110100000000
3
000001110100000000
2
000001000000000000
4
000001100000000000
3
000010100000000000
3
000100100000000000
0
000100100000000000
0
000100100001000000
3
001000100001000000
2
001000000001000000
4
001000101000000000
3
010000101000000000
3
100000101000000000
1
100000010000000000
4
100000110000000000
3
010000110000000000
3
001000110000000000
0
001000110000000000
0
001000110000001000
2
001000000000001100
1
001000010000001100
4
001000110100001000
3
000100110101001000
3
000010110101001000
3
000001110101001000
2
000001000001001000
4
000001100001001000
3
000010100001001000
3
000100100011001000
3
001000100011001000
2
001000000011001000
0
001000001010001000
0
100000110000000000
3
010000110000000010
3
001000110000001010
3
000100110000001010
1
000100010000001010
4
000100110100001000
3
000010110100001000
3
000001110100001000
2
000001000000001000
4
000001100000001000
3
000010100000011000
2
000010000000011000
4
000010101000001000
3
000100101000001000
3
001000101000001000
3
010000101000001000
3
100000101000001000
1
100000010000001100
4
100000110000001100
3
010000110000001100
1
010000010000101100
4
010000110100100100
3
001000110100100100
1
001000010100100100
4
001000110100100000
3
000100110100100000
3
000010110100100000
3
000001110100100000
2
000001000000100000
4
000001100000100000
3
000010100010100000
3
000100100010100000
2
000100000010100000
4
000100101010000000
3
001000101010000000
3
010000101010000000
2
010000001010000010
4
010000101000011010
3
100000101000011010
0
100000010000011110
0
100000110000000000
3
010000110000000000
3
001000110000000000
0
001000110000000000
0
001000110000000000
0
001000110000000000
0
001000110000000000
1
001000010000000000
4
001000110000000000
1
001000010000000000
2
001000000000000000
4
001000100000000001
1
001000010000000001
4
001000110000000001
3
000100110000000001
3
000010110000000001
1
000010010000000001
4
000010110100000100
3
000001110100000100
2
000001000000000100
4
000001100000000100
3
000010100000000100
3
000100100000000100
3
001000100000000100
1
001000010000000100
4
001000110100000000
3
000100110100000000
3
000010110100000000
3
000001110100000000
2
000001000000000000
4
000001100000000000
3
000010100000000000
3
000100100000000000
0
000100100000000000
3
001000100000010000
0
001000100000010000
1
001000000000010000
0
001000000000010000
0
001000010000010000
0
001000010000010000
0
100000110000000000
3
010000110000000000
3
001000110000000000
0
001000110000000000
0
001000110000000000
0
001000110000000000
0
001000110000000000
0
001000110000000000
0
001000110000010000
3
000100110000010000
3
000010110000010000
2
000010000000010100
4
000010101000000100
3
000100101000000100
3
001000101000000100
3
010000101000100100
3
100000101000100100
1
100000010000100100
4
100000110000100110
3
010000110000100110
3
001000110000100110
1
001000010000100110
4
001000110101100010
3
000100110101100010
1
000100010101100010
4
000100110101100000
3
000010110101100000
3
000001110101100000
2
000001000001100000
4
000001100001100000
3
000010100001100000
3
000100100001100000
2
000100000001100000
4
000100101001000000
3
001000101001000010
2
001000001001000011
4
001000101000000011
3
010000101000000011
3
100000101000000011
0
100000000000000011
0
100000110000000000
3
010000110000000000
3
001000110001000000
2
001000000001000000
4
001000101000000000
3
010000101000000000
3
100000101001000000
1
100000010001000000
4
100000110001000000
3
010000110001000000
3
001000110001000000
2
001000000001000000
4
001000101000000000
3
010000101000000000
3
100000101000000000
1
100000010000000000
4
100000110000000000
3
010000110010000000
2
010000000010000000
4
010000101000000000
3
100000101001000000
1
100000010001000000
4
100000110001000000
3
010000110001000000
3
001000110001000000
2
001000000001000000
4
001000101001000000
2
001000001001000000
4
001000101000000000
3
010000101000000000
3
100000101000000000
1
100000010000000000
4
100000110000010000
0
100000110000010000
0
100000110000010000
0
100000110000010000
3
010000110000010000
3
001000110000010000
1
001000010000010000
0
001000010000010000
0
100000110000000000
3
010000110000000000
3
001000110000000000
0
001000110000000000
0
001000110000010000
3
000100110000010000
3
000010110000010000
2
000010000000010000
4
000010101001000000
3
000100101001000000
3
001000101001000010
2
001000001001000010
4
001000101000110010
3
010000101000110010
3
100000101000110011
1
100000010000110011
4
100000110000110011
3
010000110000110011
3
001000110000110011
3
000100110000110011
1
000100010000110011
4
000100110100110001
3
000010110100110001
1
000010010100110001
4
000010110100110000
3
000001110100110000
2
000001000000110000
4
000001100000110000
3
000010100000110000
2
000010000000110000
4
000010101000100000
3
000100101000100000
2
000100001000100001
4
000100101000000001
3
001000101000000001
3
010000101000000001
3
100000101000000001
0
100000100000100001
0
100000010000100001
0
100000000000100001
0
100000110000000000
3
010000110000000000
0
010000110000000000
3
001000110000000000
2
001000000000100000
1
001000010000100000
4
001000110000100000
3
000100110000100000
2
000100000000100000
4
000100101000000000
3
001000101000000000
3
010000101000000000
3
100000101001000000
1
100000010001000000
4
100000110001000000
3
010000110001000000
3
001000110011000000
2
001000000011000000
4
001000101010000000
3
010000101010000000
2
010000001010001000
4
010000101000001000
3
100000101000001000
1
100000010000101000
4
100000110000101100
3
010000110000101100
1
010000010000101100
4
010000110100100100
3
001000110100100100
1
001000010100100100
4
001000110100100000
3
000100110100100010
1
000100010100100010
4
000100110100100000
3
000010110100100000
3
000001110100100000
0
000001010000100000
0
000001010000100000
0
000001000000100000
0
000001100000100000
0
100000110000000000
3
010000110000000000
3
001000110000000000
0
001000110000000000
0
001000110000000000
0
001000110000100000
3
000100110000100000
2
000100000000100000
4
000100101000000000
3
001000101000000000
3
010000101000000000
3
100000101000000000
1
100000010000000000
4
100000110000000000
3
010000110000000000
3
001000110000000000
0
001000110000000000
0
001000110000000000
0
001000110000000000
0
001000110000000000
0
001000110000000000
0
001000110000000000
0
001000110000000000
0
001000110000000000
0
001000110000000000
0
001000110001100000
3
000100110001100000
2
000100000011100010
4
000100101011000010
3
001000101011000010
2
001000001011010110
4
001000101010010110
3
010000101010010110
2
010000001010010110
4
010000101000010110
3
100000101000010110
0
100000010000010110
0
100000010000010110
0
100000110000010110
0
010000110000010110
0
