1001001111000000
6
0101001111000000
3
0101001010000000
1
0101001011000000
0
0101001011000000
7
0101001111000000
2
0101000111000000
5
0100100111000000
0
0100100111000000
3
0100100010000000
8
0100101010000000
4
0100100000000000
8
0100101000000000
0
0100101000000000
0
0100101000000000
1
0100101001000000
3
0100101000000000
2
0100100010000010
7
0100100110010000
5
0101000110010000
1
0101000011000001
8
0101001011001001
2
0101000011001001
8
0101001011001001
2
0101000011001001
8
0101001011001000
6
0011001011001000
7
0011001111000000
5
0010101111000000
3
0010101010000000
4
0010100000000000
0
0010100000000000
8
0010101000000000
1
0010101001000000
6
0100101001000000
4
0100100001000000
0
0100100001000000
0
0100100001000000
0
0100100001000010
0
0100101001100000
0
1001001111000000
6
0101001111000000
5
0100101111000000
2
0100100111000000
3
0100100010000000
7
0100100110000000
3
0100100010000000
0
0100100010000001
8
0100101010001000
6
0010101010001000
7
0010101110000000
3
0010101010000000
1
0010101011000000
0
0010101011000000
4
0010100001000000
8
0010101001000000
6
0100101001000000
3
0100101000000001
2
0100100010000001
8
0100101010001000
0
0100101010001000
6
0010101010001000
2
0010100010000000
1
0010100011000000
4
0010100001000000
8
0010101001000000
6
0100101001000001
7
0100101101000100
5
0100011101000100
3
0100011000000010
4
0100010000000010
8
0100011000100010
4
0100010000100010
8
0100011000100000
6
1000011000100000
7
1000011100000000
5
1000101100000000
1
1000101001000000
0
1000100001000000
0
1000100000000000
0
1001001111000000
6
0101001111000000
5
0100101111000000
4
0100100101000000
1
0100100001000000
2
0100100011000000
8
0100101011000000
4
0100100001000000
2
0100100011000000
3
0100100010000001
8
0100101010001000
6
0010101010001000
2
0010100010000000
1
0010100011000000
3
0010100010000001
1
0010100011000001
7
0010100111000100
5
0010010111000100
3
0010010010000000
7
0010010110000000
5
0010100110000000
3
0010100010000000
4
0010100000000010
7
0010100100010000
5
0011000100010000
8
0011001100000000
6
0101001100000000
4
0101000100000000
0
0101000100000000
2
0101000110000000
0
0101000110000000
0
0101000110000000
4
0101000100000000
0
0101000100000000
1
0101000001000000
7
0101000101000000
5
0100100101000001
1
0100100001000001
0
0100100001000100
0
0100101001000100
0
1001001111000000
5
1000101111000000
6
0100101111000000
2
0100100111000000
4
0100100101000000
2
0100100111000000
3
0100100010000000
0
0100100010000000
8
0100101010000000
2
0100100010000000
7
0100100110000000
3
0100100010000000
7
0100100110000001
8
0100101110001000
6
0010101110001000
3
0010101010000000
4
0010100000000000
2
0010100010000000
8
0010101010000000
7
0010101110000000
3
0010101010000000
2
0010100010000000
8
0010101010000000
4
0010100000000000
8
0010101000000000
6
0100101000000001
2
0100100010000001
8
0100101010001000
6
0010101010001000
4
0010100000000000
8
0010101000000000
6
0100101000000000
2
0100100010000000
8
0100101010000000
6
0010101010000010
7
0010101110010000
5
0011001110010001
0
0011001011000001
0
0011001111000001
0
0011001010000001
0
1001001111000000
2
1001000111000000
8
1001001111000000
0
1001001111000000
5
1000101111000000
6
0100101111000001
1
0100101011000001
4
0100100001000100
7
0100100101000100
5
0100010101000110
8
0100011101100000
6
1000011101100001
3
1000011000000001
7
1000011100000001
5
1000101100000001
1
1000101001000001
2
1000100011000100
7
1000100111000100
5
1000010111000100
8
1000011111000000
6
0100011111000001
2
0100010111000001
8
0100011111001000
6
0010011111001000
3
0010011010000000
7
0010011110000000
5
0010101110000000
1
0010101011000000
4
0010100001000000
8
0010101001000000
3
0010101000000000
6
0100101000000000
1
0100101001000000
7
0100101101000000
3
0100101000000000
2
0100100010000000
0
0100100010000001
8
0100101010001000
6
0010101010001000
0
0010100000000000
0
1001001111000000
6
0101001111000000
5
0100101111000000
1
0100101011000000
0
0100101011000010
3
0100101010000010
7
0100101110010000
5
0101001110010000
4
0101000100000000
2
0101000110000000
8
0101001110000000
4
0101000100000001
2
0101000110000001
8
0101001110001000
6
0011001110001000
4
0011000100000001
8
0011001100000001
6
0101001100000001
2
0101000110000001
8
0101001110001010
6
0011001110001010
1
0011001011000010
7
0011001111000010
5
0010101111000010
3
0010101010000010
7
0010101110010001
5
0011001110010001
4
0011000100000001
8
0011001100000001
6
0101001100000001
2
0101000110000001
8
0101001110001000
6
0011001110001000
1
0011001011000000
7
0011001111000001
5
0010101111000001
1
0010101011000001
7
0010101111000100
5
0010011111000110
0
0010011010000010
0
1001001111000000
6
0101001111000000
5
0100101111000000
1
0100101011000001
7
0100101111000100
5
0100011111000100
3
0100011010000000
7
0100011110000000
5
0100101110000000
1
0100101011000000
3
0100101010000000
1
0100101011000000
3
0100101010000000
2
0100100010000000
0
0100100010000001
8
0100101010001000
6
0010101010001000
1
0010101011000001
7
0010101111000100
5
0010011111000100
3
0010011010000000
7
0010011110000001
5
0010101110000001
1
0010101011000001
7
0010101111000100
5
0010011111000100
4
0010010101000000
0
0010010101000000
8
0010011101000000
6
0100011101000000
2
0100010111000001
8
0100011111001000
6
0010011111001000
3
0010011010000000
7
0010011110000000
5
0010101110000000
1
0010101010000000
0
0010101010000000
0
0010100010000000
0
0010101010000010
0
1001001111000000
6
0101001111000000
0
0101001111000000
3
0101001010000000
4
0101000000000000
7
0101000100000000
3
0101000000000000
0
0101000000000000
1
0101000001000000
7
0101000101000000
5
0100100101000000
1
0100100001000010
8
0100101001100000
6
1000101001100000
2
1000100011000000
4
1000100001000010
3
1000100000000010
7
1000100100010000
5
1001000100010000
1
1001000001000001
7
1001000101000001
5
1000100101000001
1
1000100001000001
7
1000100101000100
5
1000010101000100
2
1000010111000000
8
1000011111000000
6
0100011111000000
2
0100010111000000
1
0100010011000000
3
0100010010000000
7
0100010110000000
8
0100011110000000
2
0100010110000000
5
0100100110000000
3
0100100010000000
0
0100100010000000
0
0100100010000000
0
0100100010000000
0
0100100011000000
0
1001001111000000
5
1000101111000000
6
0100101111000000
4
0100100101000000
5
0100010101000000
0
0100010101000000
3
0100010000000000
7
0100010100000010
8
0100011100100000
6
1000011100100001
5
1000101100000011
3
1000101000000011
2
1000100010010001
8
1000101010010001
6
0100101010010001
2
0100100010010001
7
0100100110011000
5
0101000110011010
1
0101000011001010
7
0101000111001010
5
0100100111001010
3
0100100010001010
7
0100100110011000
5
0101000110011000
8
0101001110001000
6
0011001110001000
1
0011001011000000
7
0011001111000010
5
0010101111000010
3
0010101010000010
7
0010101110010001
5
0011001110010001
1
0011001011000001
7
0011001111000001
5
0010101111000001
1
0010101011000001
7
0010101111000100
5
0010011111000110
0
0010011111000010
0
0010011010000010
0
1001001111000000
6
0101001111000000
3
0101001010000000
4
0101000000000000
0
0101000000000000
8
0101001000000000
7
0101001100000000
4
0101000100000000
1
0101000001000000
7
0101000101000000
2
0101000111000000
8
0101001111000000
4
0101000101000000
5
0100100101000000
0
0100100101000000
1
0100100001000000
0
0100100001000000
0
0100100001000000
7
0100100101000000
0
0100100101000000
0
0100100101000000
8
0100101101000010
4
0100100101000010
8
0100101101100001
6
1000101101100001
1
1000101001000001
7
1000101101000110
5
1000011101000110
3
1000011000000011
7
1000011100000011
5
1000101100000011
1
1000101001000011
7
1000101101000110
5
1000011101000110
2
1000010111000010
8
1000011111000010
6
0100011111000010
4
0100010101000010
0
0100010000100000
0
0100010100100000
0
1001001111000000
3
1001001010000000
6
0101001010000000
2
0101000010000001
1
0101000011001001
8
0101001011001000
6
0011001011001000
7
0011001111000010
5
0010101111000010
3
0010101010000010
7
0010101110010000
4
0010100100010000
5
0011000100010000
8
0011001100000000
6
0101001100000000
0
0101001100000000
4
0101000100000000
1
0101000001000000
0
0101000001000011
7
0101000101100001
5
0100100101100001
1
0100100001100001
8
0100101001100100
6
1000101001100100
7
1000101101000100
5
1000011101000100
3
1000011000000000
7
1000011100000000
2
1000010110000000
5
1000100110000000
1
1000100011000010
3
1000100010000010
7
1000100110010010
3
1000100010010010
7
1000100110010000
5
1001000110010000
8
1001001110000000
6
0101001110000001
2
0101000110000001
0
0101000110001000
0
1001001111000000
5
1000101111000000
6