10001000111100000000
3
10001000101000000001
6
01001000101000000001
6
00101000101000000001
2
00101000001000000001
8
00101000101000100110
1
00101000101100100110
6
00011000101100100110
7
00011000111100000110
0
00011000111100000110
5
00010100111100000110
1
00010100101100000110
7
00010100111100010111
1
00010100101100010111
7
00010100111100010101
5
00010010111100010101
1
00010010101100010101
7
00010010111100010100
5
00010001111100010100
3
00010001101000000100
7
00010001111000000100
5
00010010111000001101
3
00010010101000001101
7
00010010111001001001
5
00010100111001001001
3
00010100101001001001
7
00010100111001000101
5
00011000111001000101
4
00011000010000000101
8
00011000110000000101
6
00101000110000000101
2
00101000011000000101
8
00101000111000100100
6
00011000111000100100
4
00011000010000000100
8
00011000110000000100
6
00101000110000000100
4
00101000010000001100
0
00101000000010001001
0
00101000000010001001
0
10001000111100000000
5
10000100111100000000
6
01000100111100000000
5
01000010111100000000
4
01000010010100000000
3
01000010000000000000
1
01000010000100000000
3
01000010000000000000
7
01000010010000000000
1
01000010000100000000
2
01000010001100000000
4
01000010000100000011
2
01000010001100010010
7
01000010011100110000
5
01000001011100110000
8
01000001111100100000
6
00100001111100100100
6
00010001111100100100
3
00010001101000000100
7
00010001111000001101
5
00010010111000001101
3
00010010101000001101
7
00010010111001001101
3
00010010101001001101
7
00010010111001001011
5
00010100111001001011
3
00010100101001001011
7
00010100111001000011
5
00011000111001000011
4
00011000010000000011
8
00011000110000000011
6
00101000110000000111
2
00101000011000000111
1
00101000001100100110
8
00101000101100100110
6
00011000101100100110
7
00011000111100000110
5
00010100111100000110
1
00010100101100000110
0
00010100101100010100
0
10001000111100000000
6
01001000111100000000
6
00101000111100000000
5
00100100111100000000
2
00100100011100000000
0
00100100011100000000
3
00100100001000000100
4
00100100000000000100
8
00100100100010000000
6
01000100100010000010
6
10000100100010000110
1
10000100100100000110
7
10000100110100010100
5
10000010110100010101
1
10000010100100010101
7
10000010110100010100
5
10000001110100010100
3
10000001100000000101
7
10000001110000000101
5
10000010110000000101
1
10000010100100000101
7
10000010110100010100
5
10000001110100010100
3
10000001100000000110
7
10000001110000001110
5
10000010110000001111
3
10000010100000001111
7
10000010110001001011
5
10000100110001001011
3
10000100100001001011
7
10000100110001000011
5
10001000110001000011
2
10001000011000000011
8
10001000111000000011
6
01001000111000001011
4
01001000010000001011
8
01001000110010000011
6
10001000110010000011
0
10001000110000000011
0
10001000010000000011
0
10001000111100000000
6
01001000111100000010
2
01001000011100000010
8
01001000111100100000
6
00101000111100100000
6
00011000111100100000
5
00010100111100000000
4
00010100010100000000
8
00010100110100001000
3
00010100100000001000
7
00010100110001000100
5
00011000110001000100
6
00101000110000000100
4
00101000010000000101
8
00101000110010000001
6
01001000110010000001
6
10001000110010000001
1
10001000100100000001
7
10001000110100000001
5
10000100110100000001
5
10000010110100000101
1
10000010100100000111
7
10000010110100010110
5
10000001110100010110
2
10000001011100000110
8
10000001111100000110
6
01000001111100000110
2
01000001011100001110
8
01000001111100101100
6
00100001111100101100
6
00010001111100101101
3
00010001101000001101
7
00010001111000001101
5
00010010111000001101
1
00010010101100001101
7
00010010111100011111
1
00010010101100011111
7
00010010111100011110
5
00010001111100011110
0
00010001011100001111
0
10001000111100000000
5
10000100111100001000
3
10000100101000001000
7
10000100111001000000
5
10001000111001000000
6
01001000111000000000
1
01001000101100000000
6
00101000101100000000
4
00101000000100000100
8
00101000100110000000
6
01001000100110000000
6
10001000100110000100
7
10001000110100000100
5
10000100110100000100
5
10000010110100000100
3
10000010100000000101
7
10000010110001000001
5
10000100110001000001
5
10001000110001000001
2
10001000011000000101
8
10001000111000000101
6
01001000111000000101
6
00101000111000000101
2
00101000011000000101
8
00101000111000101101
2
00101000011000101101
8
00101000111000101100
6
00011000111000101100
4
00011000010000001100
8
00011000110000001100
6
00101000110000001100
4
00101000010000001101
8
00101000110010001001
6
01001000110010001101
4
01001000010010001101
8
01001000110010001101
4
01001000010010001101
8
01001000110010000101
6
10001000110010000101
0
10001000011000000101
0
10001000111100000000
6
01001000111100000000
6
00101000111100000000
5
00100100111100000000
3
00100100101000000000
2
00100100001000000000
0
00100100001000000100
4
00100100000000000100
8
00100100100010000100
4
00100100000010000100
8
00100100100010001000
7
00100100110011000000
5
00101000110011000000
6
01001000110010000000
6
10001000110010000000
2
10001000011000000000
8
10001000111000000000
6
01001000111000000000
1
01001000101100000000
7
01001000111100000100
6
00101000111100000100
4
00101000010100001101
8
00101000110110001001
6
01001000110110001001
4
01001000010110001101
8
01001000110110000111
6
10001000110110000111
5
10000100110100000111
1
10000100100100000111
7
10000100110100010101
5
10000010110100010101
1
10000010100100010101
7
10000010110100010100
5
10000001110100010100
3
10000001100000000100
7
10000001110000001100
5
10000010110000001101
1
10000010100000001101
0
10000010100001001101
0
10000010001001001101
0
10001000111100000000
5
10000100111100001000
3
10000100101000001100
7
10000100111001000100
6
01000100111001000100
5
01001000111001000100
6
00101000111000000100
4
00101000010000000100
8
00101000110010000000
6
01001000110010000000
6
10001000110010000100
1
10001000100100000101
7
10001000110100001101
5
10000100110100001101
5
10000010110100001101
3
10000010100000001101
7
10000010110001001001
5
10000100110001001001
3
10000100100001001001
7
10000100110001000001
5
10001000110001000011
2
10001000011000000011
8
10001000111000001011
6
01001000111000001011
2
01001000011000001011
8
01001000111000101101
6
00101000111000101101
2
00101000011000101101
8
00101000111000101100
6
00011000111000101100
1
00011000101100001101
7
00011000111100001101
4
00011000010100001101
5
00010100010100001111
3
00010100000000001111
7
00010100010001000111
5
00011000010001000111
0
00011000010000000111
0
00011000110000000111
0
00011000110000000111
0
10001000111100000000
5
10000100111100000000
6
01000100111100000000
5
01000010111100000000
1
01000010101100000000
7
01000010111100000000
0
01000010111100000000
5
01000001111100000000
0
01000001111100000000
3
01000001101000000000
7
01000001111000000000
5
01000010111000000000
4
01000010010000000000
8
01000010110000000101
1
01000010100100000101
7
01000010110100010100
5
01000001110100010100
3
01000001100000000101
7
01000001110000000101
5
01000010110000000101
1
01000010100100000101
7
01000010110100010101
1
01000010100100010101
7
01000010110100010101
1
01000010100100010111
2
01000010001100010110
7
01000010011100111100
5
01000001011100111100
8
01000001111100101100
6
00100001111100101100
6
00010001111100101100
4
00010001010100001100
8
00010001110100001100
6
00100001110100001110
6
01000001110100001111
4
01000001010100001111
8
01000001110110001111
4
01000001010110001111
0
01000001010110000111
0
01000001000010000111
0
10001000111100000000
5
10000100111100000101
5
10000010111100000101
1
10000010101100000101
6
01000010101100010100
7
01000010111100010100
5
01000001111100010100
6
00100001111100000100
4
00100001010100000100
8
00100001110110000100
4
00100001010110000100
8
00100001110110000000
6
01000001110110000001
6
10000001110110000001
3
10000001100000000001
7
10000001110000000101
5
10000010110000000101
1
10000010100100000101
7
10000010110100011100
5
10000001110100011100
2
10000001011100001100
8
10000001111100001100
6
01000001111100001100
4
01000001010100001100
8
01000001110110000100
6
10000001110110000100
3
10000001100000000100
7
10000001110000000100
5
10000010110000000100
3
10000010100000000100
7
10000010110001000000
5
10000100110001000000
5
10001000110001000010
1
10001000100100000011
7
10001000110100000011
5
10000100110100000011
1
10000100100100000011
0
10000100001100010001
0
10000100101100010001
0
10000100000100010101
0
10001000111100000000
5
10000100111100000000
6
01000100111100000000
5
01000010111100000000
1
01000010101100000000
4
01000010000100000100
3
01000010000000000100
7
01000010010001000000
5
01000100010001000001
5
01001000010001000001
2
01001000011000000001
8
01001000111000000101
6
00101000111000000111
2
00101000011000000111
1
00101000001100100110
7
00101000011100101110
5
00100100011100101110
3
00100100001000101110
7
00100100011001100110
5
00101000011001100110
8
00101000111000100110
6
00011000111000100111
1
00011000101100000111
7
00011000111100000111
5
00010100111100000111
1
00010100101100000111
7
00010100111100010101
5
00010010111100010101
1
00010010101100010101
7
00010010111100011101
1
00010010101100011101
7
00010010111100011100
5
00010001111100011100
3
00010001101000001100
7
00010001111000001100
5
00010010111000001100
3
00010010101000001100
0
00010010001001001100
0
00010010101001001000
0
00010010001001001000
0
10001000111100000000
6
01001000111100000000
6
00101000111100001000
5
00100100111100001001
3
00100100101000001101
2
00100100001001000101
7
00100100011001100100
5
00101000011001100100
1
00101000001100100100
7
00101000011100100101
5
00100100011100100100
8
00100100111100100100
6
00010100111100100100
5
00010010111100000100
3
00010010101000000110
7
00010010111001000010
5
00010100111001000010
5
00011000111001000010
1
00011000101100000010
7
00011000111100000010
5
00010100111100000010
1
00010100101100000010
7
00010100111100010000
5
00010010111100010000
5
00010001111100010000
3
00010001101000000000
7
00010001111000000000
5
00010010111000000000
0
00010010111000000000
3
00010010101000000000
4
00010010000000000001
1
00010010000100000101
8
00010010100100010100
6
00100010100100010110
4
00100010000100010110
7
00100010010110010011
1
00100010000110010011
7
00100010010110010010
5
00100001010110010010
0
00100001000110000010
0
10001000111100000000
5
10000100111100000000
6
01000100111100000000
5
01000010111100000000
1
01000010101100000000
2
01000010001100001100
4
01000010000100001100
8
01000010100110001100
4
01000010000110001101
8
01000010100110010100
6
10000010100110010100
7
10000010110100010100
5
10000001110100010100
3
10000001100000001100
7
10000001110000001100
5
10000010110000001100
3
10000010100000001100
7
10000010110001001010
5
10000100110001001010
3
10000100100001001010
7
10000100110001000010
5
10001000110001000010
1
10001000100100000010
7
10001000110100000010
5
10000100110100000110
1
10000100100100000110
7
10000100110100010101
5
10000010110100010101
1
10000010100100010101
7
10000010110100010100
5
10000001110100010100
3
10000001100000000110
7
10000001110000000110
5
10000010110000000110
3
10000010100000000110
7
10000010110001000111
3
10000010100001000111
0
10000010001001000011
0
10000010000001001011
0
10000010001001001011
0
10001000111100000000
6
01001000111100000000
5
01000100111100000010
2
01000100011100001011
3
01000100001000101001
8
01000100101001100001
6
00100100101001100001
2
00100100001001100001
7
00100100011001101010
3
00100100001001101110
7
00100100011001100110
5
00101000011001100111
1
00101000001100100110
7
00101000011100100110
5
00100100011100100110
1
00100100001100100110
8
00100100101100110100
6
00010100101100110100
7
00010100111100010100
5
00010010111100010100
5
00010001111100010100
4
00010001010100000100
8
00010001110100001110
6
00100001110100001111
4
00100001010100001111
8
00100001110110001011
6
01000001110110001011
4
01000001010110001011
8
01000001110110000111
6
10000001110110000111
3
10000001100000000111
7
10000001110000000111
5
10000010110000000111
1
10000010100100000111
7
10000010110100010110
5
10000001110100010110
0
10000001010100000110
0
10000001110100000110
0
10000001010100000110
0
10000001000100000110
0
10001000111100000000
5
10000100111100000000
6
01000100111100000000
5
01000010111100000000
1
01000010101100000100
3
01000010101000000101
6
00100010101001000101
2
00100010001001000001
8
00100010101001100010
6
00010010101001100110
7
00010010111001000010
5
00010100111001000010
5
00011000111001000010
1
00011000101100000011
7
00011000111100001011
5
00010100111100001011
1
00010100101100001011
7
00010100111100011001
5
00010010111100011001
1
00010010101100011101
7
00010010111100011100
5
00010001111100011101
4
00010001010100001111
8
00010001110100001111
6
00100001110100001111
4
00100001010100001111
8
00100001110110001011
6
01000001110110001111
4
01000001010110001111
8
01000001110110000111
6
10000001110110000111
3
10000001100000000111
7
10000001110000000111
5
10000010110000000111
1
10000010100100000111
7
10000010110100010110
5
10000001110100010111
0
10000001100100000111
0
10000001100000000111
0
10000001100000000111
0
10001000111100000000
6
01001000111100000000
5
01000100111100000011
1
01000100101100000011
7
01000100111100010001
5
01000010111100010001
1
01000010101100010101
7
01000010111100010110
5
01000001111100010110
2
01000001011100000111
8
01000001111100100101
6
00100001111100100101
2
00100001011100100101
8
00100001111100100100
6
00010001111100100100
4
00010001010100000100
8
00010001110100000100
6
00100001110100000100
4
00100001010100000100
8
00100001110110000101
4
00100001010110000101
8
00100001110110000001
6
01000001110110000001
6
10000001110110000001
3
10000001100000000001
7
10000001110000001001
5
10000010110000001001
1
10000010100100001101
7
10000010110100011100
5
10000001110100011100
2
10000001011100001110
8
10000001111100001110
6
01000001111100001110
4
01000001010100001110
8
01000001110110000110
6
10000001110110000110
0
10000001100000000110
0
10000001001000000110
0
10000001000000000110
0
10000001100000000110
0
10001000111100000000
6
01001000111100000000
5
01000100111100000001
6
00100100111100001001
3
00100100101000001001
2
00100100001001000001
7
00100100011001100100
5
00101000011001100100
8
00101000111000100100
6
00011000111000101100
1
00011000101100001100
7
00011000111100001100
5
00010100111100001110
3
00010100101000001110
4
00010100000001000110
8
00010100100001000110
6
00100100100001000110
7
00100100110001000110
5
00101000110001000110
4
00101000010000000110
8
00101000110010000010
6
01001000110010000010
6
10001000110010000010
1
10001000100100001010
7
10001000110100001010
5
10000100110100001010
3
10000100100000001010
7
10000100110001000111
5
10001000110001000111
2
10001000011000001111
8
10001000111000001111
6
01001000111000001111
2
01001000011000001111
8
01001000111000101111
2
01001000011000101111
8
01001000111000101101
6
00101000111000101101
2
00101000011000101101
0
00101000001000101100
0
00101000001100101101
0
10001000111100000000
5
10000100111100000000
6
01000100111100000100
5
01000010111100000110
2
01000010011100000110
3
01000010001000100100
8
01000010101001100101
6
00100010101001100001
2
00100010001001100011
8
00100010101001100010
6
00010010101001100010
7
00010010111001000110
3
00010010101001000110
7
00010010111001000010
2
00010010011001000110
3
00010010001001000110
7
00010010011001000110
3
00010010001001000110
7
00010010011001000111
3
00010010001001000111
7
00010010011001000111
3
00010010001001000111
7
00010010011001000011
5
00010100011001000011
5
00011000011001000011
4
00011000010000000011
8
00011000110000000011
6
00101000110000000011
2
00101000011000000011
8
00101000111000101110
1
00101000101100101110
7
00101000111100101110
5
00100100111100101110
6
00010100111100101110
3
00010100101000001111
7
00010100111001000111
5
00011000111001000111
0
00011000011000000111
0
00011000111000001111
0
00011000101000001111
0
10001000111100000000
6
01001000111100000000
0
01001000111100000000
5
01000100111100000001
6
00100100111100000001
2
00100100011100000011
1
00100100001100100010
8
00100100101100110000
6
00010100101100110010
7
00010100111100010000
5
00010010111100010000
4
00010010010100010000
5
00010001010100010000
8
00010001110100000000
6
00100001110100000000
3
00100001100000000000
4
00100001000000000001
2
00100001001000001001
7
00100001011000101100
5
00100010011000101100
3
00100010001000101100
7
00100010011001101100
3
00100010001001101100
7
00100010011001101000
5
00100100011001101000
3
00100100001001101001
7
00100100011001100001
5
00101000011001100000
8
00101000111000100000
6
00011000111000100000
4
00011000010000000000
8
00011000110000000000
6
00101000110000000000
1
00101000100100000000
7
00101000110100000100
4
00101000010100000100
8
00101000110110001100
4
00101000010110001100
0
00101000010110001000
0
00101000010110001001
0
10001000111100000000
5
10000100111100000000
6
01000100111100000000
5
01000010111100000000
1
01000010101100000000
2
01000010001100000001
7
01000010011100010000
5
01000001011100010000
3
01000001001000001010
8
01000001101000101001
6
00100001101000101001
2
00100001001000101001
7
00100001011000101000
5
00100010011000101000
5
00100100011000101000
3
00100100001000101000
7
00100100011001100000
5
00101000011001100000
8
00101000111000100001
2
00101000011000100001
8
00101000111000100000
6
00011000111000100000
4
00011000010000000000
8
00011000110000000000
6
00101000110000000001
2
00101000011000000101
8
00101000111000100100
6
00011000111000100100
4
00011000010000000100
8
00011000110000000100
6
00101000110000000100
4
00101000010000000100
8
00101000110010000000
6
01001000110010000000
6
10001000110010000010
1
10001000011000000010
8
10001000111000000010
6
01001000111000000110
2
01001000011000000110
0
01001000001000100110
0
10001000111100000000
6
01001000111100000000
5
01000100111100000000
6
00100100111100000000
1
00100100101100000001
2
00100100001100000001
8
00100100101100100000
6
00010100101100101110
7
00010100111100011100
4
00010100010100011100
8
00010100110100011100
6
00100100110100011100
4
00100100010100011101
5
00100010010110011001
1
00100010000110011101
8
00100010100110011000
6
01000010100110011000
4
01000010000110011000
8
01000010100110010100
6
10000010100110010100
7
10000010110100010100
5
10000001110100010100
3
10000001100000000100
7
10000001110000000100
5
10000010110000000100
3
10000010100000000100
7
10000010110001000001
5
10000100110001000101
5
10001000110001000101
1
10001000100100000101
7
10001000110100000101
5
10000100110100000101
2
10000100011100000101
8
10000100111100000111
1
10000100101100000111
7
10000100111100010101
5
10000010111100010101
1
10000010101100010111
0
10000010000100010110
0
10000010000100010110
0
10001000111100000000
5
10000100111100000000
6
01000100111100000000
5
01000010111100000000
1
01000010101100000000
4
01000010000100000010
2
01000010001100000010
8
01000010101100100000
6
00100010101100100000
6
00010010101100100000
4
00010010000100000000
8
00010010100100000000
6
00100010100100000000
6
01000010100100000000
0
01000010100100000000
4
01000010000100001000
8
01000010100110000101
6
10000010100110010100
7
10000010110100010100
5
10000001110100010100
3
10000001100000000100
7
10000001110000000101
5
10000010110000000101
1
10000010100100000101
7
10000010110100010100
5
10000001110100010101
3
10000001100000000101
7
10000001110000000101
5
10000010110000000101
1
10000010100100000101
7
10000010110100010100
5
10000001110100010100
2
10000001011100000101
8
10000001111100000101
6
01000001111100000101
6
00100001111100000101
2
00100001011100000101
8
00100001111100100100
6
00010001111100100100
0
00010001101100000100
0
10001000111100000000
5
10000100111100000000
6
01000100111100000000
6
00100100111100000000
2
00100100011100000000
1
00100100001100001100
3
00100100001000001100
7
00100100011001000100
5
00101000011001000110
4
00101000010000000110
8
00101000110010000011
1
00101000100110000011
7
00101000110110000011
5
00100100110110000011
1
00100100100110000011
7
00100100110110011001
6
01000100110110011001
4
01000100010110011001
5
01000010010110010001
1
01000010000110010001
8
01000010100110010001
6
10000010100110010001
7
10000010110100010000
5
10000001110100010001
3
10000001100000000101
7
10000001110000000101
5
10000010110000000101
1
10000010100100000101
7
10000010110100010100
5
10000001110100010100
3
10000001100000000100
7
10000001110000001100
5
10000010110000001100
3
10000010100000001100
7
10000010110001001000
5
10000100110001001011
3
10000100100001001011
7
10000100110001000011
5
10001000110001000011
0
10001000011000000011
0
10001000111100000000
6
01001000111100000000
5
01000100111100000000
5
01000010111100001100
4
01000010010100001100
8
01000010110110001100
4
01000010010110001110
3
01000010000010001110
8
01000010100011000010
6
10000010100011000010
7
10000010110001000010
5
10000100110001000010
5
10001000110001000110
2
10001000011000000111
8
10001000111000001111
6
01001000111000001111
2
01001000011000001111
8
01001000111000101101
6
00101000111000101101
2
00101000011000101101
1
00101000001100101100
7
00101000011100101100
5
00100100011100101100
3
00100100001000101100
7
00100100011001100100
5
00101000011001100100
8
00101000111000100100
6
00011000111000100100
4
00011000010000001100
8
00011000110000001100
6
00101000110000001100
4
00101000010000001101
1
00101000000110001111
8
00101000100110001111
4
00101000000110001111
8
00101000100110001011
6
01001000100110001011
4
01001000000110001011
0
01001000000010000011
0
01001000010010000011
0
10001000111100000000
5
10000100111100000100
5
10000010111100000101
1
10000010101100000101
6
01000010101100010100
7
01000010111100010100
5
01000001111100010101
6
00100001111100000101
2
00100001011100000101
3
00100001001000100100
7
00100001011000100100
5
00100010011000101100
3
00100010001000101111
7
00100010011001101011
5
00100100011001101010
3
00100100001001101110
7
00100100011001100110
5
00101000011001100110
8
00101000111000100110
6
00011000111000100110
4
00011000010000000110
8
00011000110000000110
6
00101000110000000110
4
00101000010000000110
8
00101000110010000010
6
01001000110010001010
4
01001000010010001010
8
01001000110010000010
6
10001000110010000010
2
10001000011000000010
8
10001000111000001010
6
01001000111000001010
2
01001000011000001011
8
01001000111000101001
6
00101000111000101001
2
00101000011000101001
8
00101000111000101010
6
00011000111000101011
0
00011000011000001011
0
00011000111000001011
0
10001000111100000000
6
01001000111100000000
5
01000100111100000000
3
01000100101000000000
6
00100100101000000000
2
00100100001000000000
0
00100100001000000000
0
00100100001000000000
0
00100100001000000000
0
00100100001000000000
1
00100100001100000000
0
00100100001100000000
3
00100100001000000000
0
00100100001000000000
4
00100100000000000010
1
00100100000100000010
7
00100100010100010000
5
00100010010100011000
5
00100001010100011000
8
00100001110100001000
6
01000001110100001101
4
01000001010100001101
8
01000001110110000101
6
10000001110110000101
3
10000001100000000101
7
10000001110000000101
5
10000010110000000101
1
10000010100100000101
7
10000010110100010100
5
10000001110100010110
2
10000001011100000110
8
10000001111100000110
6
01000001111100000110
2
01000001011100000110
8
01000001111100100100
6
00100001111100100100
6
00010001111100101100
0
00010001101100001101
0
00010001101100001111
0
00010001000100001111
0
10001000111100000000
5
10000100111100001000
3
10000100101000001000
7
10000100111001000011
6
01000100111001000011
2
01000100011001000011
5
01001000011001100001
8
01001000111000100001
6
00101000111000101001
2
00101000011000101001
1
00101000001100101100
7
00101000011100101101
5
00100100011100101101
3
00100100001000101100
7
00100100011001100100
5
00101000011001100100
8
00101000111000100101
2
00101000011000100101
8
00101000111000100100
6
00011000111000101100
1
00011000101100001100
7
00011000111100001100
5
00010100111100001100
3
00010100101000001110
7
00010100111001000110
5
00011000111001000110
4
00011000010000000110
8
00011000110000000110
6
00101000110000000111
2
00101000011000000111
1
00101000001100100110
7
00101000011100100110
5
00100100011100100110
1
00100100001100100110
8
00100100101100110100
6
00010100101100110100
7
00010100111100010100
5
00010010111100010100
5
00010001111100010110
0
00010001111100000110
0
10001000111100000000
5
10000100111100000001
5
10000010111100000101
1
10000010101100000101
6
01000010101100010100
7
01000010111100010100
5
01000001111100011100
4
01000001010100001100
3
01000001000010000100
7
01000001010010000100
5
01000010010010000100
8
01000010110010000110
6
10000010110010000111
5
10000100110000000111
1
10000100100100000111
7
10000100110100010101
5
10000010110100010101
1
10000010100100010101
7
10000010110100010100
5
10000001110100011100
2
10000001011100001110
8
10000001111100001110
6
01000001111100001110
4
01000001010100001110
8
01000001110110000110
6
10000001110110000110
2
10000001011100000111
8
10000001111100001111
6
01000001111100001111
2
01000001011100001111
8
01000001111100101101
6
00100001111100101101
2
00100001011100101101
8
00100001111100101110
6
00010001111100101110
3
00010001101000001110
7
00010001111000001110
5
00010010111000001110
3
00010010101000001110
0
00010010001001001010
0
10001000111100000000
6
01001000111100000001
6
00101000111100000001
2
00101000011100000001
8
00101000111100100100
5
00100100111100100100
6
00010100111100100100
5
00010010111100000100
3
00010010101000000111
4
00010010000001001011
7
00010010010001001011
5
00010100010001001011
3
00010100000001001011
8
00010100100001000011
6
00100100100001000011
2
00100100001001000011
7
00100100011001100110
5
00101000011001100110
1
00101000001100101111
7
00101000011100101110
5
00100100011100101110
3
00100100001000101110
7
00100100011001100110
5
00101000011001100110
8
00101000111000100110
6
00011000111000100110
4
00011000010000000111
8
00011000110000000111
6
00101000110000000111
2
00101000011000000111
1
00101000001100100110
7
00101000011100100110
5
00100100011100100110
5
00100010011100100110
8
00100010111100100110
6
00010010111100100110
3
00010010101000000110
0
00010010000001001010
0
00010010001001001011
0
00010010001001001011
0
10001000111100000000
5
10000100111100000010
1
10000100101100000010
7
10000100111100010000
5
10000010111100010001
1
10000010101100010001
7
10000010111100010000
5
10000001111100010000
6
01000001111100000000
1
01000001101100000000
0
01000001101100000000
7
01000001111100000001
6
00100001111100000001
2
00100001011100000001
8
00100001111100100000
6
00010001111100100000
3
00010001101000000000
7
00010001111000000000
5
00010010111000000110
3
00010010101000000110
7
00010010111001000010
5
00010100111001000010
5
00011000111001000010
1
00011000101100000110
7
00011000111100000111
5
00010100111100000111
1
00010100101100000111
7
00010100111100010101
5
00010010111100011101
1
00010010101100011101
4
00010010000100011100
8
00010010100100011100
6
00100010100100011100
4
00100010000100011100
7
00100010010110011000
5
00100001010110011000
8
00100001110110001000
6
01000001110110001000
4
01000001010110001101
0
01000001010110000101
0
10001000111100000000
6
01001000111100000000
0
01001000111100000000
4
01001000010100000000
5
01000100010100000001
5
01000010010100000001
1
01000010000100000001
7
01000010010100010000
5
01000001010100010100
3
01000001000000000100
7
01000001010000000100
5
01000010010000000101
1
01000010000100001101
8
01000010100110010100
6
10000010100110010100
7
10000010110100010100
5
10000001110100010100
3
10000001100000000100
7
10000001110000001100
5
10000010110000001100
3
10000010100000001100
7
10000010110001001001
5
10000100110001001001
3
10000100100001001001
7
10000100110001000001
5
10001000110001000001
1
10001000100100001001
7
10001000110100001001
5
10000100110100001001
3
10000100100000001001
7
10000100110001000001
5
10001000110001000001
2
10001000011000000001
8
10001000111000000001
6
01001000111000000001
6
00101000111000000001
2
00101000011000000001
8
00101000111000100000
6
00011000111000100000
0
00011000111000000010
0
