100011000000
3
010011000000
0
010011000000
3
001011000001
1
001001000001
4
001011010010
3
000111010010
2
000100000010
4
000110000010
3
001010000010
3
010010000011
1
010001001011
4
010011011101
3
001011011101
1
001001011101
4
001011011100
3
000111011100
2
000100001100
4
000110001100
3
001010001100
2
001000001100
4
001010101001
3
010010101001
2
010000101001
4
010010100001
3
100010100001
1
100001000001
4
100011000011
3
010011000011
1
010001000011
4
010011010001
3
001011010001
1
001001010001
4
001011010000
3
000111010000
2
000100000001
4
000110001101
3
001010001101
1
001001001101
0
001001011100
0
100011000000
3
010011001000
2
010000001000
4
010010100000
3
100010100000
1
100001000000
4
100011000100
3
010011000100
3
001011000101
1
001001000101
4
001011010100
3
000111010100
2
000100000100
4
000110000100
3
001010000100
2
001000000100
4
001010101000
3
010010101010
2
010000101010
4
010010100010
3
100010100010
1
100001000010
4
100011000010
3
010011000010
1
010001000010
4
010011010000
3
001011010000
3
000111010000
2
000100000001
4
000110000001
3
001010000011
3
010010000011
1
010001000011
4
010011010001
3
001011011001
1
001001011001
4
001011011000
3
000111011010
0
000101001010
0
000111001010
0
100011000000
3
010011000000
0
010011000000
0
010011000000
1
010001000001
4
010011000001
3
001011000001
1
001001000001
4
001011010000
3
000111010001
2
000100001001
4
000110001001
3
001010001001
1
001001001011
4
001011011010
3
000111011010
2
000100001110
4
000110001110
3
001010001110
2
001000001110
4
001010101010
3
010010101011
2
010000101011
4
010010100011
3
100010100011
1
100001000011
4
100011000011
3
010011000011
1
010001000011
4
010011010001
3
001011010001
1
001001010001
4
001011010000
3
000111010000
2
000100000000
4
000110000000
3
001010000001
1
001001000001
0
001001010010
0
001001010010
0
100011000000
3
010011000000
0
010011000001
3
001011000011
2
001000000011
4
001010000011
3
010010000011
1
010001000011
4
010011010001
3
001011010001
1
001001010001
4
001011010000
3
000111011000
2
000100001000
4
000110001001
3
001010001001
1
001001001001
4
001011011000
3
000111011000
2
000100001000
4
000110001100
3
001010001100
2
001000001101
4
001010101001
3
010010101001
2
010000101001
4
010010100001
3
100010100001
1
100001000001
4
100011001001
3
010011001001
2
010000001001
4
010010100001
3
100010100001
1
100001000101
4
100011000101
3
010011000101
3
001011000101
1
001001000101
0
001011010100
0
100011000000
3
010011000001
3
001011000001
1
001001000001
4
001011010011
1
001001010011
4
001011010010
3
000111010011
2
000100001011
4
000110001011
3
001010001011
3
010010001011
1
010001001011
4
010011011001
3
001011011001
1
001001011001
4
001011011000
3
000111011000
2
000100001000
4
000110001000
3
001010001100
2
001000001100
4
001010101000
3
010010101000
2
010000101000
4
010010100000
3
100010100000
1
100001000000
4
100011000000
0
100011000000
3
010011000000
0
010011000000
0
010011000000
0
010011000000
0
010011000000
1
010001000000
2
010000000000
0
010000000000
0
010001001000
0
010000001000
0
100011000000
3
010011000000
0
010011000000
1
010001000100
4
010011000100
3
001011000100
2
001000000100
4
001010100000
3
010010100000
3
100010100000
1
100001001000
4
100011001000
3
010011001000
2
010000001001
4
010010100001
3
100010100011
1
100001000111
4
100011000111
3
010011000111
1
010001000111
4
010011011101
3
001011011101
1
001001011101
4
001011011100
3
000111011100
2
000100001110
4
000110001110
3
001010001110
2
001000001110
4
001010101010
3
010010101010
2
010000101110
4
010010100110
3
100010100110
1
100001000110
4
100011000110
3
010011000110
1
010001000110
0
010001010100
0
010011010100
0
100011000000
3
010011000000
0
010011000000
0
010011000100
0
010011000100
3
001011000100
2
001000000100
4
001010100000
3
010010100000
3
100010100001
1
100001000101
4
100011000101
3
010011000101
3
001011000101
1
001001000101
4
001011010100
3
000111010100
2
000100000100
4
000110000100
3
001010000101
1
001001000101
4
001011010100
3
000111010101
2
000100000101
4
000110000101
3
001010000101
1
001001000101
4
001011010100
3
000111010100
2
000100000100
4
000110000110
3
001010000110
2
001000000110
4
001010100010
3
010010100010
3
100010100010
0
100000001010
0
100010001010
0
100010001010
0
100000001011
0
100011000000
3
010011000000
0
010011000000
0
010011000000
2
010000000000
1
010001000000
4
010011000100
3
001011000100
2
001000000100
4
001010100000
3
010010100011
3
100010100011
1
100001000011
4
100011000011
3
010011000111
1
010001000111
4
010011010101
3
001011010101
1
001001010111
4
001011010110
3
000111010110
2
000100001110
4
000110001110
3
001010001110
2
001000001111
4
001010101111
2
001000101111
4
001010101011
3
010010101011
2
010000101011
4
010010100011
3
100010100011
1
100001000011
4
100011001011
3
010011001011
2
010000001011
4
010010100011
3
100010100011
0
100001000011
0
100000000011
0
100011000000
3
010011000000
0
010011000000
0
010011000000
0
010011000000
0
010011000000
0
010011000001
3
001011000101
1
001001000101
4
001011010100
3
000111010100
2
000100000100
4
000110000100
3
001010000100
2
001000001100
4
001010101000
3
010010101010
2
010000101110
4
010010100110
3
100010100110
1
100001000110
4
100011000110
3
010011000110
1
010001000110
4
010011010100
3
001011011100
3
000111011100
2
000100001100
4
000110001100
3
001010001100
2
001000001100
4
001010101000
3
010010101000
2
010000101000
4
010010100100
3
100010100100
0
100001000100
0
100011000100
0
010011000100
0
010011001100
0
100011000000
3
010011000000
0
010011001000
1
010001001000
2
010000001000
4
010010100001
3
100010100001
1
100001000001
4
100011000001
3
010011000001
3
001011000001
1
001001001001
4
001011011000
3
000111011000
2
000100001000
4
000110001000
3
001010001000
3
010010001000
2
010000001000
4
010010100010
3
100010100010
1
100001000010
4
100011000010
3
010011000010
1
010001000010
4
010011010000
3
001011010000
3
000111010000
2
000100000000
4
000110000100
3
001010000100
2
001000001100
4
001010101000
3
010010101010
2
010000101010
4
010010100010
3
100010100011
0
100000000111
0
100001000111
0
100011000111
0
100011000000
3
010011001000
2
010000001000
4
010010100000
3
100010100000
1
100001000001
4
100011000001
3
010011000001
3
001011000001
1
001001000001
4
001011010000
3
000111010000
2
000100000010
4
000110000010
3
001010000010
3
010010000010
1
010001000010
4
010011010000
3
001011010000
3
000111010000
2
000100000000
4
000110000001
3
001010000001
1
001001000001
4
001011010000
3
000111010000
2
000100000000
4
000110000000
3
001010000000
0
001010000000
0
001010000000
0
001010000000
0
001010000000
0
001010000000
2
001000000001
1
001001000001
4
001011010001
1
001001010001
0
001001010000
0
001001010000
0
100011000000
3
010011000000
0
010011000000
0
010011000000
0
010011000000
0
010011000000
0
010011000000
0
010011000000
0
010011000000
0
010011000000
0
010011000001
3
001011000001
1
001001000001
4
001011010000
3
000111010000
2
000100000000
4
000110000000
3
001010000000
0
001010000100
2
001000000100
4
001010100001
3
010010100001
3
100010100001
1
100001000001
4
100011000001
3
010011000001
3
001011000001
1
001001000001
4
001011010000
3
000111010000
2
000100000010
4
000110000010
3
001010001010
3
010010001010
2
010000001010
4
010010100010
3
100010100010
0
100010001010
0
100010001010
0
100001001010
0
100011000000
3
010011000000
0
010011000000
0
010011000000
0
010011000000
3
001011000001
1
001001000001
4
001011010001
1
001001010001
4
001011010000
3
000111010000
2
000100000000
4
000110000000
3
001010000000
0
001010001000
3
010010001000
2
010000001000
4
010010100000
3
100010100000
1
100001000000
4
100011000000
3
010011000001
3
001011000001
1
001001000001
4
001011010000
3
000111010000
2
000100000000
4
000110000000
3
001010000000
0
001010000000
0
001010000000
0
001010000000
0
001010000000
0
001010000000
2
001000000000
1
001001000000
0
001001000100
2
001000000100
0
001000100000
0
001010100000
0
100011000000
3
010011000000
0
010011000000
3
001011000100
2
001000000100
4
001010100000
3
010010100000
3
100010100000
1
100001000000
4
100011000000
3
010011000000
0
010011000000
0
010011000000
1
010001000000
0
010001000001
4
010011000001
3
001011000101
1
001001000101
4
001011010100
3
000111010100
2
000100000100
4
000110000100
3
001010000100
2
001000000100
4
001010100100
2
001000100100
4
001010100000
3
010010100100
3
100010100100
1
100001000101
4
100011001101
3
010011001101
2
010000001101
4
010010100101
3
100010100101
1
100001000101
4
100011000101
3
010011000101
1
010000000101
0
010000000101
0
100011000000
3
010011000000
0
010011000000
1
010001000000
4
010011000000
0
010011000000
0
010011000000
3
001011000000
0
001011000000
2
001000000001
1
001001000001
4
001011010001
1
001001010001
4
001011010001
1
001001010101
4
001011010100
3
000111010100
2
000100000100
4
000110000100
3
001010000100
2
001000000100
4
001010100000
3
010010101100
2
010000101101
4
010010100101
3
100010100111
1
100001000111
4
100011000111
3
010011000111
1
010001000111
4
010011010101
3
001011010101
1
001001011101
4
001011011100
3
000111011100
2
000100001100
4
000110001101
3
001010001101
1
001000001101
0
001010101001
0
100011000000
3
010011001000
2
010000001000
4
010010100000
3
100010100000
1
100001000100
4
100011000100
3
010011000100
3
001011000101
1
001001000101
4
001011010100
3
000111010100
2
000100001100
4
000110001100
3
001010001100
2
001000001100
4
001010101000
3
010010101010
2
010000101010
4
010010100010
3
100010100010
1
100001000010
4
100011000010
3
010011000010
1
010001000010
4
010011010000
3
001011010000
3
000111010000
2
000100000000
4
000110000000
3
001010000000
0
001010000000
0
001010000000
0
001010000001
1
001001000001
4
001011010000
3
000111010000
0
000111000000
0
000101000000
0
000101000000
0
100011000000
3
010011000000
1
010001000000
4
010011000000
0
010011000000
0
010011000000
0
010011000101
3
001011000101
1
001001000101
4
001011010101
1
001001010101
4
001011011100
3
000111011101
2
000100001101
4
000110001101
3
001010001101
2
001000001101
4
001010101001
3
010010101001
2
010000101001
4
010010100001
3
100010100001
1
100001000001
4
100011000001
3
010011000001
3
001011000001
1
001001001001
4
001011011000
3
000111011000
2
000100001000
4
000110001000
3
001010001001
1
001001001001
4
001011011000
3
000111011000
2
000100001000
4
000110001001
3
001010001001
1
001001001001
0
001011011000
0
100011000000
3
010011001000
2
010000001000
4
010010100000
3
100010101000
1
100001001000
4
100011001000
3
010011001000
2
010000001000
4
010010100000
3
100010100000
1
100001000000
4
100011000000
3
010011000000
0
010011000000
0
010011000000
3
001011000000
2
001000000000
1
001001000000
0
001001000000
2
001000000000
4
001010001100
2
001000001101
4
001010101001
3
010010101001
2
010000101001
4
010010100001
3
100010100001
1
100001000001
4
100011000001
3
010011000001
3
001011000001
1
001001000001
4
001011010000
3
000111010001
2
000100000001
4
000110000001
3
001010000001
1
001001001001
0
001001011000
0
100011000000
3
010011000000
0
010011000000
0
010011000000
0
010011000000
0
010011000000
0
010011000000
3
001011000000
2
001000000000
0
001000000000
4
001010000000
3
010010000000
2
010000000000
0
010000000000
4
010010000000
0
010010000000
0
010010000000
1
010001000000
4
010011000100
3
001011001100
2
001000001100
4
001010101000
3
010010101000
2
010000101000
4
010010100000
3
100010100000
1
100001000000
4
100011000000
3
010011000001
3
001011000001
1
001001000001
4
001011010101
1
001001010101
4
001011010100
3
000111010100
2
000100000100
4
000110000100
3
001010000100
2
001000000100
0
001000101101
0
100011000000
3
010011000000
3
001011000000
2
001000000000
4
001010000000
0
001010000000
1
001001001001
4
001011011000
3
000111011000
2
000100001000
4
000110001000
3
001010001000
3
010010001000
1
010001001000
2
010000001000
4
010010100000
3
100010100000
1
100001000000
4
100011000000
3
010011000000
0
010011000000
0
010011000000
0
010011000001
3
001011000001
1
001001000001
4
001011010000
3
000111011000
2
000100001010
4
000110001010
3
001010001011
3
010010001011
1
010001001011
4
010011011001
3
001011011001
1
001001011001
4
001011011000
3
000111011000
0
000100001000
0
000110001000
0
000110001000
0
100011000000
3
010011000100
0
010011000100
3
001011000100
2
001000000100
4
001010100000
3
010010100000
3
100010100000
1
100001000000
4
100011000000
3
010011000000
0
010011000000
3
001011000000
0
001011000000
0
001011000001
1
001001000001
4
001011010000
3
000111010000
2
000100000000
4
000110000000
3
001010000000
0
001010000000
0
001010000001
1
001001000001
4
001011010000
3
000111010000
2
000100000000
4
000110000001
3
001010000001
1
001001000001
4
001011010000
3
000111010000
2
000100000000
4
000110000000
3
001010000000
1
001001000000
0
001001000000
0
001000000000
0
001001001000
0
001001001000
0
100011000000
3
010011000000
2
010000000000
1
010001000000
0
010001000100
4
010011000100
3
001011000100
2
001000000100
4
001010100000
3
010010100000
3
100010100000
1
100001000000
4
100011000001
3
010011000001
3
001011000001
1
001001000001
4
001011010000
3
000111010000
2
000100000000
4
000110000000
3
001010000000
0
001010000000
0
001010000000
0
001010000000
0
001010000000
0
001010000010
3
010010000010
1
010001000010
4
010011010100
3
001011010100
3
000111010100
2
000100000100
4
000110000100
3
001010000100
2
001000000100
4
001010101000
3
010010101000
2
010000101000
0
010000100000
0
010010100000
0
100011000000
3
010011000000
0
010011000000
0
010011000000
3
001011000000
2
001000000101
4
001010100001
0
001010100001
0
001010100001
0
001010100001
1
001001100001
4
001011110000
3
000111110000
2
000100101000
4
000110101000
3
001010101000
3
010010101000
2
010000101100
4
010010100100
3
100010100100
1
100001000100
4
100011000100
3
010011000100
3
001011000100
2
001000000101
4
001010100011
3
010010100011
3
100010101011
1
100001001011
4
100011001011
3
010011001011
1
010001001011
4
010011011001
3
001011011001
1
001001011001
4
001011011000
3
000111011000
0
000100001001
0
000100001001
0
000101001001
0
100011000000
3
010011000000
0
010011001000
2
010000001000
4
010010100001
3
100010100001
1
100001000001
4
100011000001
3
010011000001
3
001011000001
1
001001000001
4
001011011000
3
000111011000
2
000100001000
4
000110001000
3
001010001100
2
001000001100
4
001010101000
3
010010101000
2
010000101000
4
010010100000
3
100010100000
1
100001000100
4
100011000100
3
010011000100
3
001011000100
2
001000000110
4
001010100010
3
010010101010
2
010000101010
4
010010100010
3
100010100010
1
100001000010
4
100011000010
3
010011000010
1
010001000010
4
010011010000
3
001011010000
3
000111010000
0
000100000000
0
100011000000
3
010011001000
2
010000001010
4
010010100010
3
100010100010
1
100001000010
4
100011000010
3
010011000010
0
010011000010
0
010011000011
1
010001000011
4
010011010111
1
010001010111
4
010011010101
3
001011010101
1
001001010101
4
001011010100
3
000111010100
2
000100000100
4
000110000100
3
001010000101
1
001001000101
4
001011010100
3
000111010100
2
000100000101
4
000110000101
3
001010000101
1
001001000101
4
001011010100
3
000111010100
2
000100000100
4
000110000100
3
001010000100
2
001000000100
4
001010100000
3
010010100000
3
100010100000
0
100010000000
0
100010000000
0
100001000000
0
100011000000
3
010011000000
0
010011000000
3
001011001000
2
001000001000
4
001010001000
0
001010001100
2
001000001100
4
001010101000
3
010010101000
2
010000101000
4
010010100000
3
100010101000
1
100001001000
4
100011001000
3
010011001000
2
010000001000
4
010010100100
3
100010100100
1
100001000101
4
100011000101
3
010011000101
3
001011000101
1
001001000101
4
001011010101
1
001001010101
4
001011010100
3
000111010100
2
000100000100
4
000110000100
3
001010000100
2
001000000100
4
001010100000
3
010010100000
3
100010100000
1
100001000000
4
100011000000
3
010011000001
1
010000000001
0
010001000001
0
100011000000
3
010011000000
0
010011001000
2
010000001000
4
010010100000
3
100010100100
1
100001000100
4
100011001100
3
010011001100
3
001011001100
2
001000001101
4
001010101101
2
001000101101
4
001010101001
3
010010101001
2
010000101001
4
010010100001
3
100010100001
1
100001000001
4
100011000001
3
010011000001
3
001011000001
1
001001000001
4
001011010000
3
000111010000
2
000100000000
4
000110000000
3
001010000001
1
001001000001
4
001011010000
3
000111010000
2
000100000000
4
000110000100
3
001010000100
2
001000000100
4
001010100000
3
010010100000
3
100010101000
0
100000001000
0
100000001100
0
100011000000
3
010011000000
0
010011000100
3
001011000100
2
001000000100
4
001010100000
3
010010100000
3
100010100000
2
100000000000
1
100001000000
4
100011000010
3
010011000010
1
010001000111
4
010011010101
3
001011010101
1
001001011101
4
001011011100
3
000111011100
2
000100001100
4
000110001100
3
001010001100
2
001000001100
4
001010101000
3
010010101000
2
010000101000
4
010010100000
3
100010100000
1
100001000000
4
100011001000
3
010011001000
2
010000001010
4
010010100010
3
100010100010
1
100001000010
4
100011000010
3
010011001010
2
010000001010
4
010010100010
3
100010100010
0
100001000010
0
100011000000
0
100011001000
3
010011001000
2
010000001000
4
010010100000
3
100010100010
1
100001000010
4
100011000010
3
010011000010
1
010001000011
4
010011010001
3
001011010011
1
001001010011
4
001011010010
3
000111010010
2
000100000010
4
000110000010
3
001010000111
3
010010000111
1
010001000111
4
010011010101
3
001011010101
1
001001010101
4
001011010100
3
000111010100
2
000100000100
4
000110000100
3
001010000100
2
001000000100
4
001010100000
3
010010100000
3
100010100000
1
100001001000
4
100011001000
3
010011001000
2
010000001000
4
010010100000
3
100010100000
0
100001000100
0
100001000100
0
100011000000
3
010011000000
2
010000000000
1
010001000000
0
010001000001
4
010011000101
3
001011000101
1
001001000101
4
001011010100
3
000111010100
2
000100000100
4
000110000100
3
001010000100
2
001000000100
4
001010100001
3
010010100001
3
100010100001
1
100001000001
4
100011000001
3
010011000001
3
001011000001
1
001001000001
4
001011010000
3
000111010000
2
000100000000
4
000110000000
3
001010000000
0
001010000000
0
001010000000
0
001010000000
0
001010000100
2
001000000100
4
001010100000
3
010010101000
2
010000101000
4
010010100000
3
100010101000
0
100010001000
0
100000001001
0
100010001001
0
