100001100000000
3
010001100000000
1
010000100010001
4
010001100010001
3
001001100010001
2
001000000010001
4
001001010000101
3
010001010000101
3
100001010000101
1
100000100100101
4
100001100100101
3
010001100100101
1
010000100100101
4
010001101100001
3
001001101100101
3
000101101100101
1
000100101100101
4
000101101100100
3
000011101110100
2
000010000110100
4
000011000110100
3
000101000110110
3
001001000110111
1
001000100110111
4
001001101110101
3
000101101110101
1
000100101110101
4
000101101110100
3
000011101110100
2
000010000110100
4
000011000110101
3
000101000110101
1
000100100110101
4
000101101110100
3
000011101110100
2
000010000110100
4
000011000110110
3
000101000110110
1
000100000110110
0
000101000110110
0
100001100000000
3
010001100000000
0
010001100000000
1
010000100100000
2
010000000100000
4
010001010100000
2
010000010100000
4
010001010000000
3
100001010000000
1
100000100000000
4
100001100000000
3
010001100000110
1
010000100000110
4
010001101000010
3
001001101100010
1
001000101100010
4
001001101100000
3
000101101100000
3
000011101100000
2
000010000100010
4
000011000100010
3
000101000100010
3
001001000100010
1
001000100100010
4
001001101100000
3
000101101100000
3
000011101100000
2
000010000100000
4
000011000100000
3
000101000100010
3
001001000100010
3
010001000110010
2
010000000110110
4
010001010010110
3
100001010010110
1
100000100010110
4
100001100010110
3
010001100010110
1
010000100010110
0
010000101011010
0
100001100000000
3
010001100000000
0
010001100010000
3
001001100010000
2
001000000011000
4
001001010001000
3
010001010001000
3
100001010001000
1
100000100001000
4
100001100001000
3
010001100001000
3
001001100001000
3
000101100001000
2
000100000001000
4
000101010000000
3
001001010000000
3
010001010000000
3
100001010000000
1
100000100000000
4
100001100000000
3
010001100000000
0
010001100000001
3
001001100000001
3
000101100000011
1
000100100000011
4
000101101000010
3
000011101000011
2
000010000100011
4
000011000100011
3
000101000100011
1
000100100100011
4
000101101100010
3
000011101100010
2
000010000100010
4
000011000100010
3
000101000100010
3
001001000100110
1
001000100100110
0
001000101100100
0
001001101100100
0
100001100000000
3
010001100000000
0
010001100100000
2
010000000100000
4
010001010000000
3
100001010000000
1
100000100000000
4
100001100000000
3
010001100100010
2
010000000100110
4
010001010000110
3
100001010000110
1
100000100000110
4
100001100000110
3
010001100010110
1
010000100010110
4
010001101010110
1
010000101010111
4
010001101010011
3
001001101010011
1
001000101010011
4
001001101010001
3
000101101010001
1
000100101110001
4
000101101110000
3
000011101110000
2
000010000110000
4
000011000110000
3
000101000110000
3
001001000110000
2
001000000110000
4
001001010100000
3
010001010100000
2
010000010100000
4
010001010000000
3
100001010000000
0
100001000000000
0
100000000000000
0
100001000000000
0
100000000000000
0
100001100000000
3
010001100000000
0
010001100000000
0
010001100000000
0
010001100000000
0
010001100000000
0
010001100000000
0
010001100000000
3
001001100000000
0
001001100010000
2
001000000010000
4
001001010010000
2
001000010010000
4
001001010000000
3
010001010100000
2
010000010100000
4
010001010000000
3
100001010010000
1
100000100110000
4
100001100110000
3
010001100110000
3
001001100110100
2
001000000110110
4
001001010100110
3
010001010100110
2
010000010100110
4
010001010000110
3
100001010000110
1
100000100000110
4
100001100100110
3
010001100100110
1
010000100110110
4
010001101110010
3
001001101110010
1
001000101110010
4
001001101110000
3
000101101110000
3
000011101110010
0
000010100110010
0
000010000110010
0
100001100000000
0
100001100000000
3
010001100000000
0
010001100000000
0
010001100000000
2
010000000000000
1
010000100000000
4
010001100100000
2
010000000100000
4
010001010000000
3
100001010100000
1
100000100100000
4
100001100100000
3
010001100100010
2
010000000100110
4
010001010000110
3
100001010000110
1
100000100000110
4
100001100000110
3
010001100000110
1
010000100000110
4
010001101001010
3
001001101001010
1
001000101001010
4
001001101001000
3
000101101001001
1
000100101001001
4
000101101001000
3
000011101001000
2
000010000001000
4
000011000001000
3
000101000001000
2
000100000001000
4
000101010000000
3
001001010000000
3
010001010000000
3
100001010000000
0
100000100000000
0
100001100000010
0
100000000000010
0
100001100000000
3
010001100000000
0
010001100000000
0
010001100000010
0
010001100000010
3
001001100000010
1
001000100000010
4
001001101010000
3
000101101010001
1
000100101010001
4
000101101010000
3
000011101010000
2
000010000010000
4
000011000010000
3
000101000010000
3
001001000010000
2
001000000010000
4
001001010000010
3
010001010000010
3
100001010000010
1
100000100000010
4
100001100001010
3
010001100001010
3
001001100001010
1
001000100001010
4
001001101001000
3
000101101101000
3
000011101101000
2
000010000101000
4
000011000101000
3
000101000101000
0
000101000101000
0
000101000101000
3
001001000101100
3
010001000101101
2
010000000101101
4
010001010001101
3
100001010001101
0
100000100001101
0
100000000001101
0
100001100000000
3
010001100001000
3
001001100001000
3
000101100001010
2
000100000001010
4
000101010000011
3
001001010000011
3
010001010100011
2
010000010100011
4
010001010000011
3
100001010000011
1
100000100000111
4
100001100000111
3
010001100000111
1
010000100000111
4
010001101100011
3
001001101100111
1
001000101100111
4
001001101100101
3
000101101100101
1
000100101100101
4
000101101100100
3
000011101100100
2
000010000100100
4
000011000100100
3
000101000100100
3
001001000100100
3
010001000100100
2
010000000100100
4
010001010000100
3
100001010100100
1
100000100100100
4
100001100100100
3
010001100100100
2
010000000100100
4
010001010000100
3
100001010000100
0
100001000000101
0
100001000000101
0
100000000000101
0
100001100000000
3
010001100000000
0
010001100000000
1
010000100000000
4
010001100000000
3
001001100000000
0
001001100000000
1
001000100000000
4
001001100000000
0
001001100000000
2
001000000000000
4
001001000000000
0
001001000100000
3
010001000100000
2
010000000100100
4
010001010000100
3
100001010000100
1
100000100000100
4
100001100000100
3
010001100000100
1
010000100000100
4
010001101000000
3
001001101000100
3
000101101000100
3
000011101010100
2
000010000011100
4
000011000011100
3
000101000011100
2
000100000011100
4
000101010010100
3
001001010010110
2
001000010110110
4
001001010100110
3
010001010100110
2
010000010100110
4
010001010000110
3
100001010000110
0
100001000000110
0
100001000000110
0
100000000001110
0
100001100000000
3
010001100000000
0
010001100000100
1
010000100000100
4
010001101001000
3
001001101001000
3
000101101001001
1
000100101001001
4
000101101001000
3
000011101001000
2
000010000001000
4
000011000001000
3
000101000001100
2
000100000001100
4
000101010000100
3
001001010000100
3
010001010000110
3
100001010000110
1
100000100000110
4
100001100000110
3
010001100001110
1
010000100101110
4
010001101101010
3
001001101101110
1
001000101101110
4
001001101101100
3
000101101111100
3
000011101111100
2
000010000111100
4
000011000111100
3
000101000111100
2
000100000111100
4
000101010110100
3
001001010110101
2
001000010110101
4
001001010100101
3
010001010100101
2
010000010100101
0
010000010000101
0
010000010000101
0
100001100000000
3
010001100000100
1
010000100000100
4
010001101000000
3
001001101000000
3
000101101000000
3
000011101000001
2
000010000000001
4
000011000001001
3
000101000001001
1
000100100001001
4
000101101011000
3
000011101011000
2
000010000011000
4
000011000011000
3
000101000111000
2
000100000111000
4
000101010110000
3
001001010110000
2
001000010110000
4
001001010100100
3
010001010100100
2
010000010100100
4
010001010000101
3
100001010000101
1
100000100100101
4
100001100100101
3
010001100100101
1
010000100110101
4
010001101110001
3
001001101110001
3
000101101110001
1
000100101110001
4
000101101110000
3
000011101110000
2
000010000110000
4
000011000110000
3
000101000110000
1
000100000111000
0
000100010110000
0
100001100000000
3
010001100000000
0
010001100000000
0
010001100000000
0
010001100000001
3
001001100000001
3
000101100000101
1
000100100100101
4
000101101100100
3
000011101100100
2
000010000100100
4
000011000100110
3
000101000100110
3
001001000100110
3
010001000100110
1
010000100110111
4
010001101110011
3
001001101110011
1
001000101110011
4
001001101110001
3
000101101110001
1
000100101110001
4
000101101110000
3
000011101110000
2
000010000110000
4
000011000110000
3
000101000110000
3
001001000110000
2
001000000110000
4
001001010100000
3
010001010100000
2
010000010100000
4
010001010000000
3
100001010000100
1
100000100000100
4
100001100000100
3
010001100000100
1
010000100100100
0
010000101100000
0
010000101100000
0
100001100000000
3
010001100000000
0
010001100000000
3
001001100000000
2
001000000000100
4
001001000000100
3
010001000000100
1
010000100000100
4
010001101100000
3
001001101100000
3
000101101100000
3
000011101100000
2
000010000100000
4
000011000100000
3
000101000110000
3
001001000110000
2
001000000110000
4
001001010100100
3
010001010100100
2
010000010100110
4
010001010000110
3
100001010000110
1
100000100000110
4
100001100000110
3
010001100000110
1
010000100000110
4
010001101000010
3
001001101000010
1
001000101000010
4
001001101100000
3
000101101100010
3
000011101100010
2
000010000100010
4
000011000100010
3
000101000100010
3
001001000100010
1
001000100100010
0
001000101100000
0
001000101100000
0
001001101100000
0
100001100000000
0
100001100000000
3
010001100000000
0
010001100000000
0
010001100000100
1
010000100010100
4
010001101010000
3
001001101011010
1
001000101011010
4
001001101011000
3
000101101011000
3
000011101011000
2
000010000011000
4
000011000011000
3
000101000011000
2
000100000011000
4
000101010010000
3
001001010010000
2
001000010110000
4
001001010100010
3
010001010100010
2
010000010100010
4
010001010000010
3
100001010000010
1
100000100000010
4
100001100100010
3
010001100100010
2
010000000100010
4
010001010000010
3
100001010000010
1
100000100000110
4
100001100100110
3
010001100100110
2
010000000100110
4
010001010000110
3
100001010000110
0
100001000000110
0
100000000000110
0
100000100000110
0
100000100000110
0
100001100000000
3
010001100000000
0
010001100000000
0
010001100000000
0
010001100000000
0
010001100000000
0
010001100000010
3
001001100001010
1
001000100001010
4
001001101001000
3
000101101001000
3
000011101011000
2
000010000011100
4
000011000011101
3
000101000011101
2
000100000011111
4
000101010010111
3
001001010010111
2
001000010010111
4
001001010000111
3
010001010000111
3
100001010000111
1
100000100000111
4
100001100000111
3
010001100000111
1
010000100000111
4
010001101001011
3
001001101001011
1
001000101001011
4
001001101001001
3
000101101001001
1
000100101011001
4
000101101011000
3
000011101011100
2
000010000011100
4
000011000011100
3
000101000011100
2
000100000111100
0
000100010110100
0
000100010110100
0
100001100000000
3
010001100000100
1
010000100100100
4
010001101100000
3
001001101100000
3
000101101100000
3
000011101100000
2
000010000100000
4
000011000100000
3
000101000100000
3
001001000100000
3
010001000100000
2
010000000100000
4
010001010000000
3
100001010000010
1
100000100000010
4
100001100000010
3
010001100000010
3
001001100000010
1
001000100000010
4
001001101000000
3
000101101000000
3
000011101000000
2
000010000000100
4
000011000000100
3
000101000000100
3
001001000000100
3
010001000001100
1
010000100001100
4
010001101001000
3
001001101001000
3
000101101001000
3
000011101001010
2
000010000001010
4
000011000001010
3
000101000001010
2
000100000001010
0
000100010000010
0
000100010000010
0
000100010000010
0
100001100000000
3
010001100000000
0
010001100000000
0
010001100000010
3
001001100000010
1
001000100100010
4
001001101100000
3
000101101100000
3
000011101100001
2
000010000100001
4
000011000100001
3
000101000100001
1
000100100100001
4
000101101100000
3
000011101100000
2
000010000100000
4
000011000100000
3
000101000100100
3
001001000100100
3
010001000100100
2
010000000110100
4
010001010010100
3
100001010110100
1
100000100110100
4
100001100111100
3
010001100111101
2
010000000111101
4
010001010011101
3
100001010011101
1
100000100111101
4
100001100111101
3
010001100111101
2
010000000111101
4
010001010011101
3
100001010111111
1
100000100111111
4
100001100111111
3
010001100111111
1
010000100111111
0
010000101111011
0
100001100000000
3
010001100000000
3
001001100010000
2
001000000010000
4
001001010000000
3
010001010000000
3
100001010000000
1
100000100100000
4
100001100100001
3
010001100100001
2
010000000100001
4
010001010000001
3
100001010000001
1
100000100100101
4
100001100100101
3
010001100101101
1
010000100101101
4
010001101101001
3
001001101101001
3
000101101101001
1
000100101101001
4
000101101101000
3
000011101101000
2
000010000101000
4
000011000101000
3
000101000101000
2
000100000101000
4
000101010100000
3
001001010100000
3
010001010100000
2
010000010100000
4
010001010000000
3
100001010000000
1
100000100000000
4
100001100000000
3
010001100000000
2
010000000001001
0
010000100001001
0
010000000001001
0
010000000001001
0
100001100000000
3
010001100000000
0
010001100000000
1
010000100000000
4
010001100000000
2
010000000000000
0
010000000000000
0
010000000000000
1
010000100000000
4
010001100000000
1
010000100000000
4
010001100000000
0
010001100000000
0
010001100000000
0
010001100000000
0
010001100000000
3
001001100000000
0
001001100100000
2
001000000100000
4
001001000100000
3
010001000100000
2
010000000100100
4
010001010000100
3
100001010000100
1
100000100000100
4
100001100010100
3
010001100010100
1
010000100010100
4
010001101010000
3
001001101011000
3
000101101011000
3
000011101011000
2
000010000011000
4
000011000011000
3
000101000011000
2
000100000011000
4
000101010010000
3
001001010010000
2
001000010010000
0
001001010000000
0
100001100000000
3
010001100000000
0
010001100000000
3
001001100000000
0
001001100000000
0
001001100100000
2
001000000101000
4
001001000101000
3
010001000101000
2
010000000101000
4
010001010001000
3
100001010001000
1
100000100001001
4
100001100001001
3
010001100001101
1
010000100001101
4
010001101001001
3
001001101011001
3
000101101011001
1
000100101011001
4
000101101011000
3
000011101011000
2
000010000011000
4
000011000011000
3
000101000011000
2
000100000011000
4
000101010010000
3
001001010010100
2
001000010010100
4
001001010100100
3
010001010100100
2
010000010100100
4
010001010001100
3
100001010001100
1
100000100001100
4
100001100001100
3
010001100001100
1
010000100001100
0
010000101001000
0
010000101001000
0
100001100000000
3
010001100000000
3
001001100000100
2
001000000100100
4
001001000100100
3
010001000100100
2
010000000100100
4
010001010000100
3
100001010000100
1
100000100000100
4
100001100000100
3
010001100000100
1
010000100000100
4
010001101000100
1
010000101000100
4
010001101000000
3
001001101010000
3
000101101010000
3
000011101010000
2
000010000010000
4
000011000010000
3
000101000011010
2
000100000011010
4
000101010010010
3
001001010010010
2
001000010010010
4
001001010000010
3
010001010000010
3
100001010000010
1
100000100010010
4
100001100010010
3
010001100010010
3
001001100011010
2
001000000011011
4
001001010101011
3
010001010101011
2
010000010101011
4
010001010001011
3
100001010001011
0
100001000001011
0
100001100000000
3
010001100000000
0
010001100000000
0
010001100000000
0
010001100000010
3
001001100000010
2
001000000000010
1
001000100000010
4
001001101000000
3
000101101001000
3
000011101001000
2
000010000101010
4
000011000101010
3
000101000101010
2
000100000101010
4
000101010100010
3
001001010100010
3
010001010100010
2
010000010100010
4
010001010000010
3
100001010000010
1
100000100000010
4
100001100000010
3
010001100000011
3
001001100000011
1
001000100000011
4
001001101000001
3
000101101000101
1
000100101000101
4
000101101000100
3
000011101000100
2
000010000000100
4
000011000000100
0
000011000010100
3
000101000010100
3
001001000010100
2
001000000010100
0
001000010000100
0
001000010000100
0
001001010011100
0
100001100000000
3
010001100000100
1
010000100000100
4
010001101000000
3
001001101000000
3
000101101000100
3
000011101000101
2
000010000000101
4
000011000000101
3
000101000000101
1
000100100000101
4
000101101000100
3
000011101000100
2
000010000100100
4
000011000100100
3
000101000100100
3
001001000100100
3
010001000100100
2
010000000100100
4
010001010000100
3
100001010000100
1
100000100000110
4
100001100000110
3
010001100000110
1
010000100000110
4
010001101010010
3
001001101010010
1
001000101110010
4
001001101110000
3
000101101110000
3
000011101110000
2
000010000110000
4
000011000110000
3
000101000110000
3
001001000110000
2
001000000110010
4
001001010100010
3
010001010100010
2
010000010100010
0
010001010000010
0
100001100000000
3
010001100000000
0
010001100000110
1
010000100000110
4
010001101001010
3
001001101001010
1
001000101001110
4
001001101001100
3
000101101001100
3
000011101001100
2
000010000001100
4
000011000001100
3
000101000101100
2
000100000101100
4
000101010100100
3
001001010100101
3
010001010100101
2
010000010100101
4
010001010000101
3
100001010000101
1
100000100000101
4
100001100000101
3
010001100010101
1
010000100010101
4
010001101010001
3
001001101010001
3
000101101010001
1
000100101010101
4
000101101010100
3
000011101010100
2
000010000010100
4
000011000010100
3
000101000010100
3
001001000010100
2
001000000110100
4
001001010100111
3
010001010100111
2
010000010100111
0
010000010000111
0
010000010000111
0
100001100000000
3
010001100000000
1
010000100000100
4
010001101000000
3
001001101000000
3
000101101100000
3
000011101100000
2
000010000100000
4
000011000100000
3
000101000110010
3
001001000110010
2
001000000111010
4
001001010101010
3
010001010101010
2
010000010101010
4
010001010001011
3
100001010001111
1
100000100001111
4
100001100001111
3
010001100001111
1
010000100001111
4
010001101001011
3
001001101001011
1
001000101001011
4
001001101001001
3
000101101001001
1
000100101001001
4
000101101101000
3
000011101101001
2
000010000101001
4
000011000101001
3
000101000101001
1
000100100101001
4
000101101101000
3
000011101101000
2
000010000111000
4
000011000111000
3
000101000111000
2
000100000111000
0
000100010110000
0
100001100000000
3
010001100000000
0
010001100000000
0
010001100000000
0
010001100100000
2
010000000100000
4
010001010000000
3
100001010000001
1
100000100000001
4
100001100000001
3
010001100000001
3
001001100000001
3
000101100000001
1
000100100000001
4
000101101000000
3
000011101000000
2
000010000000000
4
000011000000000
3
000101000010000
3
001001000010010
2
001000000010010
4
001001010000010
3
010001010000010
3
100001010000010
1
100000100000010
4
100001100000010
3
010001100000010
3
001001100000010
1
001000100000010
4
001001101000000
3
000101101000000
3
000011101000000
2
000010000000000
4
000011000000000
0
000011000000000
3
000101000000000
1
000100100000000
0
000100100000000
0
000100100000000
0
000100000000000
0
100001100000000
3
010001100100000
2
010000000100000
4
010001010000100
3
100001010000100
1
100000100000100
4
100001100000100
3
010001100001100
1
010000100001101
4
010001101101001
3
001001101101001
3
000101101101001
1
000100101101001
4
000101101101000
3
000011101101000
2
000010000111000
4
000011000111000
3
000101000111010
2
000100000111010
4
000101010110010
3
001001010110010
2
001000010110010
4
001001010100010
3
010001010100010
2
010000010100010
4
010001010000010
3
100001010000010
1
100000100000010
4
100001100000010
3
010001100000010
3
001001100000010
1
001000100000010
4
001001101000100
3
000101101000101
1
000100101000101
4
000101101000100
3
000011101000100
0
000010000100100
0
000010100100110
0
000010100100110
0
100001100000000
3
010001100000000
0
010001100000000
0
010001100000100
1
010000100010100
4
010001101010000
3
001001101010000
3
000101101010000
3
000011101010000
2
000010000110000
4
000011000110000
3
000101000110000
3
001001000110000
2
001000000110000
4
001001010100000
3
010001010101000
2
010000010101000
4
010001010001000
3
100001010001000
1
100000100001000
4
100001100011000
3
010001100011000
3
001001100011001
2
001000000011001
4
001001010001001
3
010001010001001
3
100001010011001
1
100000100011001
4
100001100011001
3
010001100011001
3
001001100011001
3
000101100011001
2
000100000011001
4
000101010110001
3
001001010110001
2
001000010110001
4
001001010100001
3
010001010101011
2
010000010101011
0
010001010001111
0
100001100000000
3
010001100000000
0
010001100000000
0
010001100000000
0
010001100000000
0
010001100000000
1
010000100000000
4
010001100000100
1
010000100010101
4
010001101010001
3
001001101010001
3
000101101010001
1
000100101010001
4
000101101010000
3
000011101010000
2
000010000010000
4
000011000010010
3
000101000010010
3
001001000010010
2
001000000010010
4
001001010000011
3
010001010000011
3
100001010001011
1
100000100001011
4
100001100101111
3
010001100101111
1
010000100101111
4
010001101101011
3
001001101101011
1
001000101101011
4
001001101101011
1
001000101101111
4
001001101101101
3
000101101101101
1
000100101101101
4
000101101101100
3
000011101101100
0
000010100101100
0
000010100101100
0
000011100101100
0
100001100000000
3
010001100100000
2
010000000101001
4
010001010001001
3
100001010001001
1
100000100001001
4
100001100011001
3
010001100011001
3
001001100111001
2
001000000111001
4
001001010101001
3
010001010101001
2
010000010101001
4
010001010001001
3
100001010001001
1
100000100001001
4
100001100001001
3
010001100001001
3
001001100101001
3
000101100101001
2
000100000101011
4
000101010100011
3
001001010100011
3
010001010110111
2
010000010110111
4
010001010010111
3
100001010010111
1
100000100010111
4
100001100010111
3
010001100010111
1
010000100010111
4
010001101010011
3
001001101010011
1
001000101010011
4
001001101010001
3
000101101110001
1
000100101110001
4
000101101110000
3
000011101110000
0
000010000110000
0
