10001000111100000000
6
01001000111100000000
1
01001000101100000000
2
01001000001100000000
0
01001000001100000010
8
01001000101100100000
6
00101000101100100000
6
00011000101100100000
7
00011000111100001000
5
00010100111100001100
5
00010010111100001101
3
00010010101000001101
7
00010010111001001001
5
00010100111001001001
3
00010100101001001001
7
00010100111001000101
5
00011000111001000101
4
00011000010000000101
8
00011000110000000101
6
00101000110000000101
2
00101000011000000101
8
00101000111000100100
6
00011000111000100100
4
00011000010000000110
8
00011000110000000110
6
00101000110000000110
4
00101000010000000110
8
00101000110010000010
6
01001000110010000010
6
10001000110010000010
2
10001000011000000010
8
10001000111000000011
6
01001000111000000011
2
01001000011000000011
8
01001000111000100101
6
00101000111000100101
2
00101000011000100101
8
00101000111000100100
6
00011000111000100100
0
00011000111000000100
0
10001000111100000000
6
01001000111100000000
0
01001000111100000000
2
01001000011100000000
5
01000100011100000000
5
01000010011100000010
8
01000010111100100000
6
00100010111100100000
6
00010010111100100000
4
00010010010100000010
8
00010010110100000011
1
00010010100100000011
6
00100010100100010010
7
00100010110100010010
5
00100001110100010010
6
01000001110100000010
2
01000001011100000011
8
01000001111100100101
6
00100001111100100101
2
00100001011100100101
8
00100001111100100110
6
00010001111100100110
3
00010001101000000110
7
00010001111000000110
5
00010010111000000110
3
00010010101000000110
7
00010010111001000010
5
00010100111001000010
5
00011000111001000010
1
00011000101100000010
7
00011000111100000010
5
00010100111100000010
1
00010100101100000010
7
00010100111100010000
5
00010010111100010000
5
00010001111100010000
0
00010001101100000000
0
00010001001100000010
0
00010001101100000010
0
00010001111100000010
0
10001000111100000000
6
01001000111100000100
6
00101000111100000100
4
00101000010100000110
5
00100100010110000010
1
00100100000110000010
7
00100100010110010000
5
00100010010110010000
5
00100001010110010100
8
00100001110110000000
6
01000001110110000000
6
10000001110110000010
2
10000001011100000010
8
10000001111100000010
6
01000001111100000110
2
01000001011100000110
8
01000001111100100100
6
00100001111100100110
6
00010001111100100111
4
00010001010100000111
8
00010001110100000111
6
00100001110100000111
6
01000001110100000111
2
01000001011100000111
8
01000001111100100101
6
00100001111100100101
2
00100001011100100101
8
00100001111100100100
6
00010001111100100100
3
00010001101000001100
7
00010001111000001100
5
00010010111000001100
3
00010010101000001100
7
00010010111001001000
5
00010100111001001000
3
00010100101001001000
7
00010100111001000000
5
00011000111001000000
0
00011000111000000000
0
00011000101000000000
0
10001000111100000000
5
10000100111100000001
5
10000010111100001011
6
01000010111100001011
1
01000010101100001011
4
01000010000100011010
8
01000010100110010010
6
10000010100110010010
2
10000010001100010010
8
10000010101100010010
6
01000010101100010011
2
01000010001100010010
7
01000010011100110000
5
01000001011100110010
8
01000001111100100000
6
00100001111100100000
6
00010001111100100000
4
00010001010100000000
8
00010001110100001100
6
00100001110100001100
4
00100001010100001100
8
00100001110110001000
6
01000001110110001000
4
01000001010110001000
8
01000001110110000000
6
10000001110110000001
3
10000001100000000001
7
10000001110000000001
5
10000010110000000001
1
10000010100100000011
7
10000010110100010010
5
10000001110100010010
3
10000001100000000010
7
10000001110000000010
5
10000010110000000010
5
10000100110000000010
1
10000100100100000010
0
10000100100100010000
0
10000100100100010000
0
10000100000100010101
0
10001000111100000000
5
10000100111100000000
6
01000100111100000000
6
00100100111100000000
4
00100100010100000000
1
00100100000100000000
3
00100100000000000000
0
00100100000000000000
2
00100100001000000000
4
00100100000000000010
1
00100100000100000010
7
00100100010100010000
5
00100010010100010000
5
00100001010100010000
8
00100001110100000000
1
00100001100100000000
3
00100001100000000000
7
00100001110000000000
4
00100001010000000001
2
00100001011000000011
8
00100001111000100010
6
00010001111000100110
5
00010010111000000110
3
00010010101000000110
7
00010010111001000010
5
00010100111001000010
5
00011000111001000010
1
00011000101100000010
7
00011000111100000110
5
00010100111100000110
1
00010100101100000111
7
00010100111100010101
5
00010010111100010111
1
00010010101100010111
7
00010010111100010110
5
00010001111100010110
0
00010001011100000110
0
00010001011100000110
0
00010001001100000111
0
00010001001100000111
0
10001000111100000000
6
01001000111100000000
5
01000100111100000000
6
00100100111100000000
2
00100100011100000000
3
00100100001000000000
8
00100100101000000100
4
00100100000000000100
8
00100100100010000000
6
01000100100010000000
6
10000100100010000001
1
10000100100100000001
7
10000100110100001001
3
10000100100000001001
7
10000100110001000101
5
10001000110001000101
2
10001000011000000101
8
10001000111000000101
6
01001000111000000111
2
01001000011000000111
8
01001000111000100111
2
01001000011000100111
8
01001000111000101101
6
00101000111000101101
2
00101000011000101101
8
00101000111000101110
6
00011000111000101110
1
00011000101100001110
7
00011000111100001110
5
00010100111100001110
3
00010100101000001110
7
00010100111001000111
5
00011000111001000111
4
00011000010000000111
8
00011000110000001111
6
00101000110000001111
2
00101000011000001111
8
00101000111000101110
6
00011000111000101110
0
00011000011000001110
0
10001000111100000000
5
10000100111100001000
3
10000100101000001000
6
01000100101001000000
7
01000100111001000000
5
01001000111001000100
6
00101000111000000100
4
00101000010000000100
8
00101000110010000100
4
00101000010010000100
8
00101000110010000000
6
01001000110010000000
6
10001000110010000000
2
10001000011000000000
8
10001000111000000010
6
01001000111000000010
2
01001000011000000010
8
01001000111000100000
6
00101000111000100000
6
00011000111000100000
4
00011000010000001001
8
00011000110000001001
6
00101000110000001001
2
00101000011000001001
8
00101000111000101100
6
00011000111000101100
1
00011000101100001100
7
00011000111100001100
5
00010100111100001100
3
00010100101000001110
7
00010100111001000111
4
00010100010001000111
5
00011000010001000111
8
00011000110000000111
6
00101000110000000111
2
00101000011000000111
8
00101000111000100110
6
00011000111000100110
0
00011000111000000110
0
00011000101000000110
0
10001000111100000000
5
10000100111100000000
6
01000100111100000000
5
01000010111100000000
0
01000010111100000000
1
01000010101100000000
0
01000010101100000100
3
01000010101000000100
7
01000010111001000000
5
01000100111001000000
5
01001000111001000001
6
00101000111000000001
2
00101000011000000001
8
00101000111000100001
2
00101000011000100001
8
00101000111000101000
6
00011000111000101000
1
00011000101100001010
7
00011000111100001010
5
00010100111100001011
1
00010100101100001011
7
00010100111100011001
5
00010010111100011011
1
00010010101100011011
7
00010010111100011010
5
00010001111100011010
3
00010001101000001010
7
00010001111000001010
5
00010010111000001010
5
00010100111000001110
1
00010100101100001111
4
00010100000100011101
7
00010100010100011101
5
00010010010100011101
1
00010010000100011101
7
00010010010100011100
5
00010001010100011100
0
00010001000000001100
0
00010001001000001110
0
00010001000000001110
0
10001000111100000000
6
01001000111100000000
5
01000100111100000000
5
01000010111100000000
1
01000010101100000000
2
01000010001100000001
7
01000010011100010000
5
01000001011100010000
8
01000001111100000000
0
01000001111100000001
6
00100001111100000101
2
00100001011100000101
8
00100001111100100101
2
00100001011100100101
8
00100001111100100100
6
00010001111100100101
3
00010001101000000101
7
00010001111000000101
5
00010010111000000101
1
00010010101100000101
7
00010010111100010100
5
00010001111100010100
3
00010001101000000110
7
00010001111000000110
5
00010010111000000110
3
00010010101000000110
7
00010010111001000010
5
00010100111001000010
5
00011000111001000011
1
00011000101100000011
7
00011000111100000011
5
00010100111100000011
4
00010100010100000011
8
00010100110100000011
6
00100100110100000011
2
00100100011100001011
8
00100100111100101010
6
00010100111100101010
1
00010100101000001010
0
00010100101001000010
0
10001000111100000000
6
01001000111100000000
3
01001000101000000100
6
00101000101000000100
4
00101000000000000100
8
00101000100010000000
6
01001000100010000000
6
10001000100010000100
2
10001000001000000100
8
10001000101000000100
6
01001000101000000101
6
00101000101000000101
2
00101000001000000111
1
00101000001100100110
7
00101000011100100110
5
00100100011100100110
8
00100100111100100110
6
00010100111100100110
1
00010100101100001110
7
00010100111100011100
5
00010010111100011100
5
00010001111100011100
4
00010001010100001100
8
00010001110100001100
6
00100001110100001101
4
00100001010100001101
8
00100001110110001001
6
01000001110110001001
4
01000001010110001001
8
01000001110110000001
6
10000001110110000001
3
10000001100000000001
7
10000001110000000001
5
10000010110000000001
1
10000010100100001001
7
10000010110100011000
5
10000001110100011000
0
10000001110100001000
0
10000001010100001000
0
10000001000100001001
0
10001000111100000000
0
10001000111100000000
6
01001000111100000110
2
01001000011100000110
8
01001000111100100100
6
00101000111100100100
6
00011000111100100110
5
00010100111100000110
1
00010100101100000110
7
00010100111100010100
5
00010010111100010100
5
00010001111100010100
3
00010001101000000100
7
00010001111000000100
5
00010010111000000100
3
00010010101000000101
4
00010010000001000001
8
00010010100001000001
6
00100010100001000001
2
00100010001001000001
8
00100010101001100000
6
00010010101001100000
7
00010010111001000000
5
00010100111001000000
5
00011000111001000000
4
00011000010000000000
8
00011000110000000000
6
00101000110000000001
2
00101000011000000001
8
00101000111000100000
6
00011000111000100000
1
00011000101100000000
7
00011000111100000100
5
00010100111100000100
5
00010010111100000100
3
00010010101000000100
7
00010010111001000000
5
00010100111001000000
5
00011000111001000000
0
00011000010000000000
0
10001000111100000000
6
01001000111100001100
5
01000100111100001100
3
01000100101000001100
7
01000100111001000100
5
01001000111001000110
2
01001000011000000110
8
01001000111000100100
6
00101000111000101100
6
00011000111000101110
4
00011000010000001110
8
00011000110000001110
6
00101000110000001110
4
00101000010000001110
8
00101000110010001010
6
01001000110010001010
4
01001000010010001010
8
01001000110010000010
6
10001000110010000010
1
10001000100100000010
7
10001000110100000010
5
10000100110100000010
1
10000100100100000010
7
10000100110100010000
5
10000010110100010000
5
10000001110100010000
3
10000001100000000000
7
10000001110000000100
5
10000010110000000100
3
10000010100000001100
7
10000010110001001000
5
10000100110001001000
3
10000100100001001001
7
10000100110001000001
5
10001000110001000001
1
10001000011000000101
8
10001000111000000101
6
01001000111000001111
2
01001000010000001111
0
01001000000010000111
0
10001000111100000000
5
10000100111100000101
5
10000010111100000101
1
10000010101100000101
6
01000010101100010100
6
00100010101100010100
4
00100010000100010100
8
00100010100110010000
6
01000010100110010000
6
10000010100110010000
7
10000010110100010000
5
10000001110100010000
3
10000001100000001000
7
10000001110000001100
5
10000010110000001100
3
10000010100000001100
7
10000010110001001000
5
10000100110001001000
3
10000100100001001000
7
10000100110001000000
5
10001000110001000000
2
10001000011000000000
8
10001000111000000100
6
01001000111000000100
6
00101000111000000100
4
00101000010000000100
8
00101000110010000000
6
01001000110010000000
6
10001000110010000011
2
10001000011000000011
8
10001000111000000011
6
01001000111000000011
2
01001000011000000011
8
01001000111000100001
6
00101000111000100001
2
00101000011000100001
8
00101000111000101000
6
00011000111000101000
0
00011000010000001000
0
00011000010000001010
0
10001000111100000000
5
10000100111100000000
6
01000100111100000000
5
01000010111100000000
4
01000010010100000000
1
01000010000100000000
8
01000010100100000000
4
01000010000100000000
2
01000010001100000000
7
01000010011100000011
8
01000010111100100001
6
00100010111100100101
2
00100010011100100101
3
00100010001000100100
8
00100010101001100000
6
00010010101001100000
7
00010010111001000000
5
00010100111001000000
5
00011000111001000000
4
00011000010000000000
8
00011000110000000000
6
00101000110000000000
1
00101000100100000000
7
00101000110100000000
5
00100100110100000000
4
00100100010100000100
8
00100100110110000010
6
01000100110110000010
6
10000100110110000110
1
10000100100100000110
7
10000100110100010100
5
10000010110100010100
5
10000001110100010100
2
10000001011100000100
8
10000001111100000100
6
01000001111100000100
6
00100001111100000100
4
00100001010100000100
0
00100001000110000001
0
00100001010110000001
0
10001000111100000000
6
01001000111100000000
6
00101000111100000000
5
00100100111100000000
4
00100100010100000000
2
00100100011100000000
3
00100100001000000001
8
00100100101000100001
2
00100100001000100001
8
00100100101000100100
6
00010100101000100100
4
00010100000000000100
8
00010100100000000100
6
00100100100000001100
7
00100100110001000101
5
00101000110001000101
2
00101000011000000101
8
00101000111000100100
6
00011000111000100100
4
00011000010000000100
8
00011000110000000100
6
00101000110000000100
4
00101000010000000110
8
00101000110010001010
6
01001000110010001010
4
01001000010010001010
8
01001000110010000010
6
10001000110010000010
1
10001000100100000010
7
10001000110100000010
5
10000100110100000010
1
10000100100100000010
7
10000100110100010100
2
10000100011100010100
5
10000010011100010100
5
10000001011100010100
8
10000001111100000100
6
01000001111100000100
2
01000001010100000100
0
01000001010100000100
0
10001000111100000000
6
01001000111100000000
6
00101000111100000000
1
00101000101100000000
7
00101000111100000000
5
00100100111100000000
2
00100100011100000000
3
00100100001000000000
4
00100100000000000000
1
00100100000100000100
8
00100100100110000100
4
00100100000110000100
8
00100100100110000000
6
01000100100110000000
6
10000100100110000000
0
10000100100100000000
0
10000100100100000000
7
10000100110100000000
2
10000100011100000000
8
10000100111100000001
5
10000010111100000001
1
10000010101100000001
7
10000010111100010000
5
10000001111100010000
6
01000001111100000100
6
00100001111100000100
4
00100001010100000100
8
00100001110110000000
6
01000001110110000000
6
10000001110110000001
3
10000001100000000001
7
10000001110000000001
5
10000010110000000001
2
10000010011000001001
1
10000010001100001001
7
10000010011100011100
5
10000001011100011100
0
10000001001100001100
0
10000001001100001100
0
10000001000100001110
0
10001000111100000000
5
10000100111100000000
6
01000100111100000000
1
01000100101100000000
6
00100100101100000000
4
00100100000100000010
7
00100100010100010000
5
00100010010100010100
5
00100001010110010010
8
00100001110110000011
3
00100001100010000011
7
00100001110010000011
5
00100010110010000011
1
00100010100110001011
6
01000010100110011010
4
01000010000110011010
8
01000010100110010010
6
10000010100110010010
7
10000010110100010010
5
10000001110100010011
2
10000001011100000011
8
10000001111100000011
6
01000001111100000011
2
01000001011100000011
8
01000001111100100001
6
00100001111100100001
2
00100001011100100001
8
00100001111100100000
6
00010001111100100000
3
00010001101000000000
7
00010001111000000000
5
00010010111000000000
4
00010010010000000000
8
00010010110000000000
6
00100010110000000000
6
01000010110000000000
1
01000010100100000000
2
01000010000100000000
0
01000010000100000000
0
01000010000100000001
0
10001000111100000000
5
10000100111100000000
6
01000100111100000001
6
00100100111100000001
5
00100010111100000001
2
00100010011100000101
3
00100010001000100100
8
00100010101001100000
6
00010010101001100000
7
00010010111001000000
5
00010100111001000100
5
00011000111001000100
4
00011000010000000100
8
00011000110000000100
6
00101000110000000110
4
00101000010000000110
8
00101000110010000010
6
01001000110010000010
6
10001000110010000110
2
10001000011000000110
8
10001000111000000110
6
01001000111000000110
2
01001000011000000111
8
01001000111000100101
6
00101000111000100101
2
00101000011000100101
8
00101000111000100100
6
00011000111000100100
4
00011000010000000100
8
00011000110000000100
6
00101000110000000110
4
00101000010000000110
8
00101000110010000010
1
00101000100110000010
7
00101000110110000011
6
01001000110110000011
6
10001000110110000011
5
10000100110100000011
1
10000100100100000011
0
10000100000100010011
0
10001000111100000000
6
01001000111100000000
5
01000100111100000010
1
01000100101100000010
7
01000100111100010000
5
01000010111100010000
5
01000001111100010000
1
01000001101100000000
3
01000001101000000000
7
01000001111000000000
4
01000001010000001000
5
01000010010010000010
8
01000010110010000010
6
10000010110010000010
5
10000100110000000010
1
10000100100100000010
7
10000100110100010000
5
10000010110100010010
5
10000001110100010010
2
10000001011100000010
8
10000001111100000010
6
01000001111100001011
2
01000001011100001011
8
01000001111100101001
6
00100001111100101001
2
00100001011100101001
8
00100001111100101000
6
00010001111100101000
4
00010001010100001000
8
00010001110100001000
6
00100001110100001000
6
01000001110100001000
4
01000001010100001000
8
01000001110110000000
6
10000001110110000000
3
10000001100000000001
7
10000001110000000001
5
10000010110000000001
1
10000010100100000011
0
10000010001100010010
0
10001000111100000000
6
01001000111100000000
5
01000100111100000010
2
01000100011100000010
8
01000100111100100000
6
00100100111100100000
6
00010100111100100000
4
00010100010100000000
8
00010100110100000100
6
00100100110100001100
4
00100100010100001100
3
00100100000010001000
7
00100100010011001000
3
00100100000011001000
7
00100100010011000000
5
00101000010011000000
8
00101000110010000000
6
01001000110010000000
6
10001000110010000000
2
10001000011000000000
8
10001000111000000000
6
01001000111000000000
0
01001000111000000100
6
00101000111000000100
4
00101000010000000100
8
00101000110010000000
6
01001000110010000000
6
10001000110010001000
2
10001000011000001001
8
10001000111000001001
6
01001000111000001001
4
01001000010000001001
8
01001000110010001001
4
01001000010010001001
8
01001000110010000001
6
10001000110010000001
0
10001000010000000001
0
10001000110000000001
0
10001000100100000001
0
10001000000100000001
0
10001000111100000000
6
01001000111100001000
4
01001000010100001000
8
01001000110110000000
6
10001000110110000101
5
10000100110100000111
1
10000100100100000111
7
10000100110100010101
5
10000010110100010101
1
10000010100100010101
7
10000010110100010100
5
10000001110100010100
3
10000001100000000100
7
10000001110000000100
5
10000010110000000100
3
10000010100000000100
7
10000010110001000000
5
10000100110001000000
5
10001000110001000000
1
10001000100100000000
7
10001000110100000000
5
10000100110100000000
2
10000100011100000000
8
10000100111100000100
5
10000010111100000110
3
10000010101000000110
6
01000010101001000010
2
01000010001001000010
8
01000010101001100001
6
00100010101001100001
2
00100010001001100001
8
00100010101001100001
2
00100010001001100101
7
00100010011001100000
5
00100100011001100001
5
00101000011001100000
8
00101000111000100000
6
00011000111000100000
0
00011000101000000000
0
00011000101000000000
0
10001000111100000000
6
01001000111100000000
5
01000100111100000000
2
01000100011100000000
5
01000010011100000001
1
01000010001100000001
7
01000010011100010000
5
01000001011100010000
3
01000001001000000010
8
01000001101000100000
6
00100001101000100000
6
00010001101000100000
2
00010001001000000100
7
00010001011000001100
5
00010010011000001110
3
00010010001000001110
7
00010010011001001010
5
00010100011001001110
3
00010100001001001110
7
00010100011001000110
5
00011000011001000110
1
00011000001100000110
7
00011000011100000110
5
00010100011100000110
1
00010100001100000110
7
00010100011100010100
5
00010010011100011100
5
00010001011100011100
3
00010001001000001100
7
00010001011000001100
5
00010010011000001110
3
00010010001000001110
7
00010010011001001010
5
00010100011001001010
3
00010100001001001010
7
00010100011001000010
5
00011000011001000010
0
00011000001000000110
0
00011000001000000110
0
00011000000000000110
0
10001000111100000000
6
01001000111100000000
5
01000100111100000000
5
01000010111100000000
4
01000010010100000000
0
01000010010100000000
2
01000010011100000001
1
01000010001100000001
7
01000010011100010000
5
01000001011100010000
8
01000001111100000010
2
01000001011100000110
8
01000001111100100100
6
00100001111100100100
6
00010001111100100100
4
00010001010100000100
8
00010001110100001100
6
00100001110100001100
4
00100001010100001110
8
00100001110110001010
6
01000001110110001010
4
01000001010110001010
8
01000001110110000010
6
10000001110110000010
2
10000001011100000010
8
10000001111100000010
6
01000001111100000010
2
01000001011100000010
8
01000001111100100000
6
00100001111100100000
6
00010001111100100000
4
00010001010100000001
8
00010001110100000001
6
00100001110100000001
2
00100001011100000001
8
00100001111100100010
6
00010001111100100010
0
00010001111100001010
0
00010001111100001010
0
00010001101000001010
0
10001000111100000000
6
01001000111100000000
5
01000100111100000000
6
00100100111100000000
4
00100100010100000100
8
00100100110110001000
6
01000100110110001111
4
01000100010110001111
1
01000100000110000111
7
01000100010110010101
5
01000010010110010101
1
01000010000110011101
8
01000010100110010100
6
10000010100110010100
7
10000010110100010100
5
10000001110100010100
3
10000001100000001100
7
10000001110000001100
5
10000010110000001100
3
10000010100000001100
7
10000010110001001000
5
10000100110001001000
3
10000100100001001001
7
10000100110001000001
5
10001000110001000001
1
10001000100100000011
7
10001000110100000011
5
10000100110100000011
1
10000100100100000011
7
10000100110100010001
5
10000010110100010001
1
10000010100100010001
2
10000010001100010000
8
10000010101100010000
7
10000010111100010000
5
10000001111100010000
6
01000001111100000000
2
01000001010100000100
0
01000001010100000100
0
01000001000000000100
0
10001000111100000000
6
01001000111100000000
5
01000100111100001101
3
01000100101000001101
6
00100100101001000101
2
00100100001001000101
7
00100100011001100100
5
00101000011001100111
1
00101000001100100110
7
00101000011100100110
5
00100100011100100110
1
00100100001100100110
8
00100100101100110110
6
00010100101100110100
7
00010100111100010101
5
00010010111100010101
1
00010010101100010101
7
00010010111100010100
5
00010001111100010100
3
00010001101000000100
7
00010001111000000101
5
00010010111000000111
5
00010100111000000111
1
00010100101100000111
7
00010100111100010101
5
00010010111100010101
1
00010010101100010101
7
00010010111100010101
1
00010010101100010101
7
00010010111100010101
1
00010010101100010101
7
00010010111100010100
5
00010001111100010100
4
00010001010100001100
8
00010001110100001110
6
00100001110100001111
2
00100001011100001111
8
00100001111100101110
6
00010001111100101110
0
00010001111100001110
0
10001000111100000000
6
01001000111100000000
5
01000100111100000001
5
01000010111100000001
1
01000010101100000001
7
01000010111100010010
5
01000001111100010010
2
01000001011100000011
8
01000001111100100001
6
00100001111100100001
2
00100001011100100001
8
00100001111100100000
6
00010001111100100000
4
00010001010100000000
8
00010001110100000100
6
00100001110100000100
4
00100001010100001100
8
00100001110110001000
6
01000001110110001000
4
01000001010110001000
8
01000001110110000000
6
10000001110110000000
3
10000001100000000000
7
10000001110000000100
5
10000010110000000100
3
10000010100000000100
7
10000010110001000010
5
10000100110001000010
5
10001000110001000010
1
10001000100100000010
7
10001000110100000010
5
10000100110100000010
1
10000100100100001010
2
10000100001100011000
7
10000100011100011000
5
10000010011100011000
5
10000001011100011000
0
10000001111100001000
0
10000001101000001000
0
10000001101100001000
0
10001000111100000000
5
10000100111100000000
6
01000100111100001100
3
01000100101000001100
6
00100100101001000100
7
00100100111001000100
5
00101000111001000100
4
00101000010000000100
8
00101000110010000000
6
01001000110010000100
6
10001000110010000110
2
10001000011000000110
8
10001000111000000110
6
01001000111000000110
2
01001000011000000110
8
01001000111000100100
6
00101000111000100100
6
00011000111000100100
4
00011000010000000101
8
00011000110000000101
6
00101000110000000101
2
00101000011000000101
8
00101000111000100100
6
00011000111000100100
4
00011000010000001100
8
00011000110000001100
6
00101000110000001100
4
00101000010000001100
8
00101000110010001000
6
01001000110010001000
4
01001000010010001000
8
01001000110010000000
6
10001000110010000000
2
10001000011000001000
8
10001000111000001000
6
01001000111000001000
4
01001000010000001000
8
01001000110010000000
6
10001000110010000000
0
10001000100100000000
0
10001000111100000000
5
10000100111100001001
3
10000100101000001001
6
01000100101001000001
6
00100100101001000001
7
00100100111001000001
2
00100100011001000001
5
00101000011001100000
8
00101000111000100000
6
00011000111000100000
4
00011000010000000100
8
00011000110000001101
6
00101000110000001101
4
00101000010000001101
8
00101000110010001001
6
01001000110010001001
4
01001000010010001001
8
01001000110010000001
6
10001000110010001001
1
10001000100100001011
7
10001000110100001011
5
10000100110100001011
1
10000100100100001011
7
10000100110100011001
5
10000010110100011001
1
10000010100100011001
7
10000010110100011000
5
10000001110100011010
2
10000001011100001010
8
10000001111100001010
6
01000001111100001010
2
01000001011100001010
3
01000001001000101000
7
01000001011000101000
8
01000001111000101000
6
00100001111000101010
6
00010001111000101010
5
00010010111000001010
1
00010010101100001110
0
00010010000100001110
0
10001000111100000000
6
01001000111100000000
5
01000100111100000000
6
00100100111100000000
2
00100100011100000000
3
00100100001000000100
4
00100100000000000100
8
00100100100010001000
7
00100100110011000000
5
00101000110011000000
6
01001000110010000000
6
10001000110010000000
2
10001000011000000001
8
10001000111000000001
6
01001000111000000101
6
00101000111000000101
2
00101000011000000101
8
00101000111000100100
6
00011000111000100100
4
00011000010000000100
8
00011000110000000100
6
00101000110000000100
4
00101000010000000100
8
00101000110010000000
6
01001000110010000000
6
10001000110010000000
2
10001000011000000001
8
10001000111000000001
6
01001000111000000001
6
00101000111000000001
2
00101000011000000001
8
00101000111000100101
2
00101000011000100111
8
00101000111000100110
6
00011000111000100110
1
00011000101100000110
7
00011000111100000110
5
00010100111100001110
1
00010100101000001110
0
00010100101001000111
0
10001000111100000000
6
01001000111100000000
6
00101000111100000000
5
00100100111100000000
4
00100100010100000000
3
00100100000000000010
1
00100100000100000010
7
00100100010100010000
5
00100010010100010000
5
00100001010100010000
3
00100001000000000000
7
00100001010000000000
5
00100010010000000000
0
00100010010000000000
5
00100100010000000000
3
00100100000000000000
2
00100100001000000000
4
00100100000000001000
7
00100100010001000000
5
00101000010001000000
1
00101000000100000000
0
00101000000100000000
7
00101000010100000000
5
00100100010100000100
8
00100100110110000001
6
01000100110110000001
6
10000100110110000011
1
10000100100100000011
7
10000100110100010001
5
10000010110100010001
1
10000010100100010001
7
10000010110100010001
1
10000010100100010001
7
10000010110100010000
5
10000001110100010100
3
10000001100000000100
7
10000001110000000100
5
10000010110000000100
3
10000010100000000100
0
10000010000001000000
0
