100001000011110000000000
6
010001000011110000010000
6
001001000011110000010000
4
001001000001010000011000
8
001001000011011000001000
6
010001000011011000001000
6
100001000011011000101000
5
100000100011010000101000
3
100000100010000000111000
7
100000100011000100011000
5
100001000011000100011100
2
100001000001100000011100
8
100001000011100000011111
6
010001000011100000011111
2
010001000001100000011111
8
010001000011100010011011
6
001001000011100010011011
2
001001000001100010011011
8
001001000011100010011001
6
000101000011100010011001
2
000101000001100010011001
8
000101000011100010011000
6
000011000011100010011000
4
000011000001000000011000
8
000011000011000000011000
6
000101000011000000111000
4
000101000001000000111001
8
000101000011001000110001
6
001001000011001000110001
4
001001000001001000110001
8
001001000011001000100001
6
010001000011001000100001
4
010001000001001000100001
8
010001000011001000000001
6
100001000011001000000001
1
100001000010010000000001
7
100001000011010000000001
5
100000100011010000000001
1
100000100010010000010001
0
100000100010010000010001
0
100001000011110000000000
6
010001000011110000000000
5
010000100011110000000000
5
010000010011110000000000
5
010000001011110000010000
6
001000001011110000010000
4
001000001001010000010000
8
001000001011011000000000
6
010000001011011000000000
6
100000001011011000000000
2
100000001001110000001100
3
100000001000100000001100
7
100000001001100100000100
5
100000010001100100000100
5
100000100001100100011100
5
100001000001100100011100
8
100001000011100000011100
6
010001000011100000011100
2
010001000001100000011100
8
010001000011100010011000
6
001001000011100010011001
6
000101000011100010011001
2
000101000001100010011001
8
000101000011100010011000
6
000011000011100010011000
4
000011000001000000011000
8
000011000011000000011000
6
000101000011000000011000
4
000101000001000000011000
8
000101000011001000010000
6
001001000011001000110000
4
001001000001001000110000
8
001001000011001000100000
6
010001000011001000100000
4
010001000001001000100001
8
010001000011001000000001
6
100001000011001000000101
0
100001000011000000000101
0
100001000001000000000101
0
100001000011000000000101
0
100001000011110000000000
5
100000100011110000000000
6
010000100011110000000000
4
010000100001010000000000
5
010000010001010000000100
2
010000010001110000000100
8
010000010011110010000000
6
001000010011110010000000
6
000100010011110010000000
6
000010010011110010000000
4
000010010001010000000000
8
000010010011010000000010
1
000010010010010000000010
7
000010010011010001000000
5
000010001011010001100000
5
000010000111010001100000
6
000100000111010000100000
6
001000000111010000100000
6
010000000111010000101000
4
010000000101010000101000
8
010000000111011000001000
6
100000000111011000011000
3
100000000110000000011000
7
100000000111000000011000
5
100000001011000000011000
3
100000001010000000011000
7
100000001011000100010000
5
100000010011000100010000
3
100000010010000100010000
7
100000010011000100000000
5
100000100011000100010000
5
100001000011000100010000
2
100001000001100000010000
8
100001000011100000010000
6
010001000011100000010000
6
001001000011100000111001
4
001001000001000000111001
0
001001000001001000101001
0
001001000000001000101001
0
001001000001001000101101
0
100001000011110000000000
6
010001000011110000000000
5
010000100011110000000000
3
010000100010100000000010
6
001000100010100000000010
2
001000100000100000000010
8
001000100010100010001000
6
000100100010100010001001
2
000100100000100010001001
8
000100100010100010001000
6
000010100010100010001000
4
000010100000000000001000
8
000010100010000000001000
6
000100100010000000001000
4
000100100000000000001100
1
000100100000011000000100
7
000100100001011001000000
5
000100010001011001100000
5
000100001001011001100000
5
000100000101011001100000
8
000100000111011000100010
6
001000000111011000100010
6
010000000111011000100010
4
010000000101011000100010
8
010000000111011000000010
6
100000000111011000000010
3
100000000110000000000010
7
100000000111000000000010
5
100000001011000000000110
5
100000010011000000010110
1
100000010010010000010110
7
100000010011010001010100
5
100000001011010001010100
5
100000000111010001010100
2
100000000101110000110100
8
100000000111110000110100
6
010000000111110000110100
2
010000000101110000110101
0
010000000100110010110101
0
010000000100100010110001
0
100001000011110000000000
4
100001000001010000001000
5
100000100001010000001000
5
100000010001010000001000
5
100000001001010000001000
3
100000001000000000001000
7
100000001001000100000000
5
100000010001000100000000
5
100000100001000100000000
5
100001000001000100000000
1
100001000000010000000000
7
100001000001010000000000
5
100000100001010000000000
0
100000100001010000000000
2
100000100001110000000000
3
100000100000100000000000
8
100000100010100000000000
6
010000100010100000000000
6
001000100010100000100011
2
001000100000100100000011
8
001000100010100110000101
6
000100100010100110000111
2
000100100000100110100111
7
000100100001100110010110
5
000101000001100110111111
8
000101000011100010111110
6
000011000011100010111110
1
000011000010110000111110
7
000011000011110000111110
5
000010100011110000111110
3
000010100010100000111110
7
000010100011100100011110
5
000011000011100100011110
4
000011000001000000011110
8
000011000011000000011110
6
000101000011000000011111
2
000101000001100000011111
8
000101000011100010011110
6
000011000011100010011110
0
000011000010100000011110
0
100001000011110000000000
6
010001000011110000000000
5
010000100011110000000011
5
010000010011110000000011
1
010000010010110000000011
7
010000010011110001000101
5
010000001011110001001101
1
010000001010110001001101
7
010000001011110001001100
5
010000000111110001001110
2
010000000101110000001110
8
010000000111110010001010
6
001000000111110010001010
2
001000000101110010001010
8
001000000111110010001000
6
000100000111110010001000
6
000010000111110010001000
4
000010000101010000001000
8
000010000111010000001000
6
000100000111010000001001
2
000100000101110000001001
8
000100000111110010001000
6
000010000111110010001010
3
000010000110100000001010
7
000010000111100000001010
5
000010001011100000001010
3
000010001010100000001010
7
000010001011100100000010
5
000010010011100100100011
5
000010100011100100110011
3
000010100010100100110011
7
000010100011100100010011
5
000011000011100100010011
1
000011000010110000010011
7
000011000011110000010011
5
000010100011110000010011
5
000010010011110000010011
1
000010010010110000110111
0
000010010010110001110101
0
000010010000110001110101
0
100001000011110000000000
6
010001000011110000000000
5
010000100011110000000000
5
010000010011110000010010
1
010000010010110000110010
4
010000010000010001110000
8
010000010010011001010000
6
100000010010011001010110
7
100000010011010001010100
5
100000001011010001010110
2
100000001001110001010110
8
100000001011110001010110
6
010000001011110001010110
5
010000000111110001010110
2
010000000101110000010110
8
010000000111110010010010
6
001000000111110010010010
2
001000000101110010010010
8
001000000111110010010000
6
000100000111110010010000
6
000010000111110010110000
4
000010000101010000110000
8
000010000111010000111000
6
000100000111010000111000
4
000100000101010000111000
8
000100000111011000110000
6
001000000111011000111010
4
001000000101011000111010
8
001000000111011000101010
6
010000000111011000101010
4
010000000101011000101010
8
010000000111011000001010
6
100000000111011000001010
3
100000000110000000011010
7
100000000111000000011010
5
100000001011000000011010
3
100000001010000000011011
0
100000001000100100010011
0
100000001010100100010011
0
100000001011100100010011
0
100001000011110000000000
6
010001000011110000000000
6
001001000011110000100000
6
000101000011110000100000
5
000100100011110000101000
3
000100100010100000101000
7
000100100011100100001000
5
000101000011100100101000
4
000101000001000000101000
8
000101000011001000100000
6
001001000011001000100000
6
010001000011001000100000
4
010001000001001000100000
8
010001000011001000000000
6
100001000011001000001001
1
100001000010010000001001
7
100001000011010000001001
5
100000100011010000001001
5
100000010011010000101101
5
100000001011010000101101
1
100000001010010000101101
7
100000001011010001101100
5
100000000111010001101100
2
100000000101110000101100
8
100000000111110000101100
6
010000000111110000111100
4
010000000101010000111111
8
010000000111011000011111
6
100000000111011000011111
3
100000000110000000011111
7
100000000111000000111111
5
100000001011000000111111
3
100000001010000000111111
7
100000001011000100110111
5
100000010011000100110111
3
100000010010000100110111
7
100000010011000100100111
5
100000100011000100100111
3
100000100010000100100111
0
100000100011000100000111
0
100001000011110000000000
6
010001000011110000000010
6
001001000011110000000010
2
001001000001110000000010
8
001001000011110010001000
6
000101000011110010001000
6
000011000011110010001100
5
000010100011110000001101
1
000010100010110000001101
7
000010100011110001001001
5
000010010011110001001001
5
000010001011110001001001
1
000010001010110001001001
7
000010001011110001001000
5
000010000111110001001000
3
000010000110100000001000
7
000010000111100000101000
5
000010001011100000101001
1
000010001010110000101011
7
000010001011110001101010
5
000010000111110001101010
4
000010000101010000101010
8
000010000111010000101010
6
000100000111010000101011
2
000100000101110000111011
8
000100000111110010111010
6
000010000111110010111010
3
000010000110100000111110
7
000010000111100000111110
5
000010001011100000111110
3
000010001010100000111110
7
000010001011100100110110
5
000010010011100100110110
3
000010010010100100110110
7
000010010011100100100110
5
000010100011100100101110
3
000010100010100100101110
7
000010100011100100011111
5
000011000011100100011111
0
000011000010110000011111
0
100001000011110000000000
6
010001000011110000000000
2
010001000001110000000010
5
010000100001110000000010
5
010000010001110000000011
1
010000010000110000000011
7
010000010001110001000001
5
010000001001110001000011
1
010000001000110001000011
7
010000001001110001000011
1
010000001000110001000011
7
010000001001110001000010
5
010000000101110001000010
8
010000000111110000000010
6
001000000111110000000010
2
001000000101110000100010
8
001000000111110010100000
6
000100000111110010100000
6
000010000111110010100000
4
000010000101010000100000
8
000010000111010000100100
6
000100000111010000100100
6
001000000111010000100101
6
010000000111010000101101
4
010000000101010000111101
8
010000000111011000011101
6
100000000111011000011101
3
100000000110000000011101
7
100000000111000000011101
5
100000001011000000011101
1
100000001010010000011101
7
100000001011010001011100
5
100000000111010001011100
3
100000000110000000011100
7
100000000111000000011100
5
100000001011000000011100
3
100000001010000000011100
0
100000001010000100011100
0
100000001010000100010100
0
100000001000100100010100
0
100001000011110000000000
6
010001000011110000000110
2
010001000001110000000110
8
010001000011110010000010
6
001001000011110010000010
2
001001000001110010000010
8
001001000011110010000000
6
000101000011110010000100
6
000011000011110010000100
5
000010100011110000000100
1
000010100010110000011100
7
000010100011110001011001
5
000010010011110001011001
5
000010001011110001011101
1
000010001010110001011111
7
000010001011110001011111
1
000010001010110001011111
7
000010001011110001011110
5
000010000111110001011110
3
000010000110100000111110
7
000010000111100000111110
5
000010001011100000111110
3
000010001010100000111110
7
000010001011100100110110
5
000010010011100100110110
3
000010010010100100110111
7
000010010011100100100111
5
000010100011100100110111
3
000010100010100100110111
7
000010100011100100010111
5
000011000011100100010111
1
000011000010110000010111
7
000011000011110000010111
5
000010100011110000010111
5
000010010011110000110111
3
000010010010100000110111
7
000010010011100100100111
5
000010100011100100101111
3
000010100010100100101111
0
000010100011100100001111
0
100001000011110000000000
5
100000100011110000010001
5
100000010011110000010001
3
100000010010100000010001
7
100000010011100100001001
5
100000100011100100001101
6
010000100011100100001101
2
010000100001100100001101
5
010001000001100110001001
8
010001000011100010001001
6
001001000011100010001001
6
000101000011100010011001
2
000101000001100010011001
8
000101000011100010011000
6
000011000011100010011000
4
000011000001000000011000
8
000011000011000000011000
6
000101000011000000011000
4
000101000001000000011000
8
000101000011001000010000
6
001001000011001000011000
4
001001000001001000011000
8
001001000011001000011000
4
001001000001001000011000
8
001001000011001000001000
6
010001000011001000001000
6
100001000011001000011000
2
100001000001100000011000
8
100001000011100000011000
6
010001000011100000011000
6
001001000011100000011000
4
001001000001000000011000
8
001001000011001000001000
6
010001000011001000101000
4
010001000001001000101000
8
010001000011001000001010
6
100001000011001000001010
0
100001000010010000001010
0
100001000011010000001010
0
100001000001110000001010
0
100001000011110000000000
6
010001000011110000000000
5
010000100011110000000000
0
010000100011110000000000
5
010000010011110000000000
0
010000010011110000000010
1
010000010010110000100011
4
010000010000010001100001
7
010000010001011001000001
5
010000001001011001000001
1
010000001000011001000001
8
010000001010011001001001
6
100000001010011001001001
7
100000001011010001001000
5
100000000111010001001000
3
100000000110000000011000
7
100000000111000000011000
5
100000001011000000011000
3
100000001010000000011000
7
100000001011000100010001
5
100000010011000100010001
3
100000010010000100010001
7
100000010011000100000001
5
100000100011000100000001
5
100001000011000100000001
2
100001000001100000000011
8
100001000011100000101011
6
010001000011100000101011
4
010001000001000000101011
8
010001000011001000001011
6
100001000011001000001111
2
100001000001100000001111
8
100001000011100000001111
6
010001000011100000001111
2
010001000001100000001111
8
010001000011100010001011
6
001001000011100010001011
2
001001000001100010001011
0
001001000000110010001011
0
001001000000110010001011
0
100001000011110000000000
5
100000100011110000000010
5
100000010011110000000010
1
100000010010110000000010
7
100000010011110001000000
5
100000001011110001010000
5
100000000111110001010000
6
010000000111110000010000
6
001000000111110000010000
4
001000000101010000010000
8
001000000111011000010000
4
001000000101011000010000
8
001000000111011000000010
6
010000000111011000000010
6
100000000111011000000010
2
100000000101110000000010
8
100000000111110000000010
6
010000000111110000000010
6
001000000111110000000010
2
001000000101110000000010
8
001000000111110010100000
6
000100000111110010101000
6
000010000111110010101000
3
000010000110100000101000
7
000010000111100000101000
5
000010001011100000101000
3
000010001010100000101001
7
000010001011100100101001
3
000010001010100100101001
7
000010001011100100100001
5
000010010011100100100101
5
000010100011100100110101
3
000010100010100100110101
7
000010100011100100010101
5
000011000011100100010101
1
000011000010110000010101
7
000011000011110000010101
5
000010100011110000010101
1
000010100010110000010101
0
000010100000010001011001
0
100001000011110000000000
6
010001000011110000000001
6
001001000011110000000001
6
000101000011110000000001
2
000101000001110000000011
8
000101000011110010000010
6
000011000011110010001010
5
000010100011110000001010
5
000010010011110000001010
1
000010010010110000001010
7
000010010011110001001000
5
000010001011110001001000
5
000010000111110001011000
3
000010000110100000011010
7
000010000111100000011010
5
000010001011100000011010
3
000010001010100000011010
7
000010001011100100010010
5
000010010011100100010010
3
000010010010100100010010
7
000010010011100100000010
5
000010100011100100010010
5
000011000011100100010010
1
000011000010110000010010
7
000011000011110000111010
5
000010100011110000111010
3
000010100010100000111010
7
000010100011100100011010
5
000011000011100100011111
1
000011000010110000111111
7
000011000011110000111111
5
000010100011110000111111
4
000010100001010000111111
8
000010100011010000111111
3
000010100010000000111111
7
000010100011000100011111
5
000011000011000100011111
6
000101000011000000011111
2
000101000001100000011111
0
000101000000100010011110
0
100001000011110000000000
5
100000100011110000100001
3
100000100010100000110001
7
100000100011100100010001
5
100001000011100100010011
6
010001000011100000010011
6
001001000011100000011011
2
001001000001100000111011
8
001001000011100010111001
6
000101000011100010111001
2
000101000001100010111001
8
000101000011100010111000
6
000011000011100010111000
1
000011000010110000111111
7
000011000011110000111111
5
000010100011110000111111
1
000010100010110000111111
7
000010100011110001111011
5
000010010011110001111011
1
000010010010110001111011
7
000010010011110001111011
1
000010010010110001111011
7
000010010011110001111001
5
000010001011110001111001
1
000010001010110001111011
7
000010001011110001111011
1
000010001010110001111011
7
000010001011110001111010
5
000010000111110001111010
4
000010000101010000111010
8
000010000111010000111010
6
000100000111010000111010
4
000100000101010000111010
8
000100000111011000111010
4
000100000101011000111010
8
000100000111011000110110
6
001000000111011000110110
4
001000000101011000110110
0
001000000101011000100110
0
001000000111011000100110
0
100001000011110000000000
6
010001000011110000000000
5
010000100011110000000100
2
010000100001110000000100
8
010000100011110010000000
6
001000100011110010000000
6
000100100011110010000000
6
000010100011110010000000
4
000010100001010000100000
3
000010100000000000100000
7
000010100001000100000001
5
000011000001000100000011
8
000011000011000000000011
6
000101000011000000000011
2
000101000001100000000011
8
000101000011100010000010
6
000011000011100010000010
1
000011000010110000000010
7
000011000011110000000010
5
000010100011110000000010
5
000010010011110000100010
1
000010010010110000100010
7
000010010011110001100000
5
000010001011110001100000
5
000010000111110001100010
3
000010000110100000101110
7
000010000111100000101110
5
000010001011100000101110
3
000010001010100000101110
7
000010001011100100100110
5
000010010011100100100110
5
000010100011100100110110
3
000010100010100100110110
7
000010100011100100010110
4
000010100001000100010110
5
000011000001000100010110
8
000011000011000000010110
6
000101000011000000010110
2
000101000001100000010110
0
000101000001100000010110
0
100001000011110000000000
5
100000100011110000000000
1
100000100010110000000000
7
100000100011110000000000
5
100000010011110000000000
6
010000010011110000000000
1
010000010010110000101000
4
010000010000010000101101
8
010000010010011000011101
6
100000010010011000011101
3
100000010010000000011101
7
100000010011000100001101
5
100000100011000100001101
5
100001000011000100001111
1
100001000010010000001111
7
100001000011010000001111
5
100000100011010000001111
1
100000100010010000101111
7
100000100011010001101011
5
100000010011010001101111
1
100000010010010001101111
7
100000010011010001101101
5
100000001011010001101101
1
100000001010010001101101
7
100000001011010001101100
5
100000000111010001101100
2
100000000101110000101100
8
100000000111110000101100
6
010000000111110000111100
4
010000000101010000111100
8
010000000111011000011101
6
100000000111011000011101
2
100000000101110000011101
8
100000000111110000011101
6
010000000111110000011101
2
010000000101110000011101
0
010000000100100010011001
0
010000000100100010011001
0
010000000100110010011001
0
010000000100110010011001
0
100001000011110000000000
6
010001000011110000000000
6
001001000011110000000000
5
001000100011110000000110
1
001000100010110000000110
7
001000100011110001000010
5
001000010011110001001011
1
001000010010110001001011
7
001000010011110001001001
5
001000001011110001011001
1
001000001010110001011001
4
001000001000010001011000
7
001000001001011001001000
5
001000000101011001001000
8
001000000111011000001100
6
010000000111011000001100
6
100000000111011000001100
3
100000000110000000001100
7
100000000111000000001101
5
100000001011000000001101
1
100000001010010000001101
7
100000001011010001001101
1
100000001010010001101101
7
100000001011010001101100
5
100000000111010001101100
2
100000000101110000101100
8
100000000111110000111100
6
010000000111110000111101
4
010000000101010000111101
8
010000000111011000011101
6
100000000111011000011101
3
100000000110000000111101
7
100000000111000000111101
5
100000001011000000111101
1
100000001010010000111101
7
100000001011010001111100
5
100000000111010001111100
0
100000000110010000111100
0
100000000110000000111100
0
100000000100000000111110
0
100001000011110000000000
5
100000100011110000000010
5
100000010011110000000010
1
100000010010110000000010
7
100000010011110001000000
5
100000001011110001000000
5
100000000111110001000000
6
010000000111110000000000
3
010000000110100000000000
7
010000000111100000000100
2
010000000101100000010100
8
010000000111100010110000
6
001000000111100010110010
2
001000000101100010110010
8
001000000111100010110110
2
001000000101100010110110
8
001000000111100010110100
6
000100000111100010110101
2
000100000101100010110101
8
000100000111100010110100
6
000010000111100010110100
5
000010001011100000110100
5
000010010011100000110100
3
000010010010100000110100
7
000010010011100100100100
5
000010100011100100100100
3
000010100010100100100100
7
000010100011100100000100
5
000011000011100100000100
1
000011000010110000000101
7
000011000011110000000101
5
000010100011110000000101
1
000010100010110000000101
7
000010100011110001000001
5
000010010011110001000001
5
000010001011110001001001
1
000010001010110001001001
7
000010001011110001001000
5
000010000111110001001000
0
000010000101010000001000
0
100001000011110000000000
5
100000100011110000000000
6
010000100011110000000000
5
010000010011110000010000
3
010000010010100000010000
7
010000010011100100001000
5
010000100011100100001001
5
010001000011100100001001
6
001001000011100000001001
6
000101000011100000001001
2
000101000001100000001001
8
000101000011100010001000
6
000011000011100010001000
4
000011000001000000001000
8
000011000011000000001100
6
000101000011000000001100
4
000101000001000000001100
8
000101000011001000100100
6
001001000011001000100100
6
010001000011001000100100
4
010001000001001000100100
8
010001000011001000000100
6
100001000011001000000110
2
100001000001100000000110
8
100001000011100000000110
6
010001000011100000000111
2
010001000001100000000111
8
010001000011100010000011
6
001001000011100010000011
2
001001000001100010010011
8
001001000011100010010001
6
000101000011100010010001
2
000101000001100010010011
8
000101000011100010010010
6
000011000011100010010011
4
000011000001000000010011
8
000011000011000000010011
6
000101000011000000010011
2
000101000001100000010011
0
000101000000100010010011
0
100001000011110000000000
6
010001000011110000000000
5
010000100011110000000000
6
001000100011110000000000
6
000100100011110000000000
2
000100100001110000000000
0
000100100001110000000100
1
000100100000110000000100
7
000100100001110001000100
1
000100100000110001100100
7
000100100001110001100000
5
000100010001110001100000
5
000100001001110001100000
5
000100000101110001100100
3
000100000100100000100100
7
000100000101100000100100
5
000100001001100000100100
5
000100010001100000100110
5
000100100001100000100110
1
000100100000110000100110
7
000100100001110001100110
1
000100100000110001100110
7
000100100001110001100010
5
000100010001110001100010
1
000100010000110001100010
7
000100010001110001100000
5
000100001001110001100100
5
000100000101110001100100
3
000100000100100000100100
7
000100000101100000100100
5
000100001001100000100100
5
000100010001100000100100
5
000100100001100000100100
3
000100100000100000100101
7
000100100001100110000110
5
000101000001100110000110
8
000101000011100010000110
6
000011000011100010010110
0
000011000010100000010111
0
000011000010110000010111
0
100001000011110000000000
6
010001000011110000010000
6
001001000011110000010000
4
001001000001010000010000
8
001001000011011000000000
6
010001000011011000000100
6
100001000011011000000100
5
100000100011010000001100
1
100000100010010000001100
7
100000100011010001001010
5
100000010011010001001010
1
100000010010010001011010
7
100000010011010001011000
5
100000001011010001011001
1
100000001010010001011001
7
100000001011010001011101
1
100000001010010001011101
7
100000001011010001011100
5
100000000111010001011100
3
100000000110000000011100
7
100000000111000000111100
5
100000001011000000111100
3
100000001010000000111100
7
100000001011000100110110
5
100000010011000100110110
3
100000010010000100110110
7
100000010011000100100111
5
100000100011000100100111
3
100000100010000100100111
7
100000100011000100000111
5
100001000011000100000111
1
100001000010010000000111
7
100001000011010000000111
5
100000100011010000010111
1
100000100010010000010111
7
100000100011010001010011
5
100000010011010001010011
1
100000010010010001010011
0
100000010000110001010001
0
100000010000010001010001
0
100001000011110000000000
5
100000100011110000000010
5
100000010011110000000010
1
100000010010110000000010
7
100000010011110001000000
5
100000001011110001000001
1
100000001010110001000001
7
100000001011110001001001
1
100000001010110001001001
7
100000001011110001101000
6
010000001011110001101000
4
010000001001010001101000
5
010000000101011001001000
8
010000000111011000001000
6
100000000111011000011000
3
100000000110000000111000
7
100000000111000000111100
5
100000001011000000111100
3
100000001010000000111100
7
100000001011000100110100
5
100000010011000100110100
3
100000010010000100110100
7
100000010011000100100100
5
100000100011000100100100
3
100000100010000100100101
7
100000100011000100000101
5
100001000011000100000101
2
100001000001100000000101
8
100001000011100000000101
6
010001000011100000000101
2
010001000001100000000101
8
010001000011100010000001
6
001001000011100010000001
6
000101000011100010000001
2
000101000001100010000001
8
000101000011100010001100
6
000011000011100010001100
0
000011000010100000101100
0
000011000010100000101100
0
000011000000000000101100
0
100001000011110000000000
6
010001000011110000000000
5
010000100011110000000000
5
010000010011110000000000
4
010000010001010000100000
8
010000010011011000000000
6
100000010011011000001000
5
100000001011010000001000
3
100000001010000000001000
7
100000001011000100000101
5
100000010011000100000101
5
100000100011000100010101
5
100001000011000100010101
2
100001000001100000010101
8
100001000011100000011101
6
010001000011100000011101
2
010001000001100000011101
8
010001000011100010011001
6
001001000011100010011001
6
000101000011100010011001
2
000101000001100010011001
8
000101000011100010011001
2
000101000001100010011001
8
000101000011100010011000
6
000011000011100010011100
4
000011000001000000011100
8
000011000011000000011100
6
000101000011000000011100
4
000101000001000000011100
8
000101000011001000011100
4
000101000001001000011100
8
000101000011001000010100
6
001001000011001000010100
4
001001000001001000010100
8
001001000011001000000100
1
001001000010011000001100
6
010001000010011000001100
6
100001000010011000001100
0
100001000000110000001100
0
100001000000010000001100
0
100001000011110000000000
6
010001000011110000010000
6
001001000011110000010000
4
001001000001010000011000
8
001001000011011000001000
6
010001000011011000001000
6
100001000011011000001000
5
100000100011010000001000
5
100000010011010000001000
5
100000001011010000011000
3
100000001010000000011001
7
100000001011000100010001
5
100000010011000100010001
3
100000010010000100010001
7
100000010011000100000001
5
100000100011000100000001
5
100001000011000100000001
1
100001000010010000000001
7
100001000011010000100001
5
100000100011010000100001
3
100000100010000000100001
7
100000100011000100000001
5
100001000011000100010001
1
100001000010010000010001
7
100001000011010000010001
5
100000100011010000010001
5
100000010011010000010001
3
100000010010000000010001
7
100000010011000100000001
5
100000100011000100000011
5
100001000011000100010011
1
100001000010010000010011
7
100001000011010000010011
2
100001000001110000010011
8
100001000011110000010011
6
010001000011110000010011
6
001001000011110000010011
2
001001000001010000010011
0
001001000000011000000011
0
001001000010011000000011
0
100001000011110000000000
6
010001000011110000000000
5
010000100011110000000000
5
010000010011110000000000
0
010000010011110000000000
5
010000001011110000000000
1
010000001010110000000000
0
010000001010110000000000
0
010000001010110000000000
0
010000001010110000000000
6
001000001010110000000000
4
001000001000010000000000
8
001000001010010000000000
0
001000001010010000000000
3
001000001010000000000000
7
001000001011000000000000
6
010000001011000000000000
2
010000001001100000000000
4
010000001001000000000000
0
010000001001000000000000
0
010000001001000000000000
2
010000001001100000000000
3
010000001000100000001000
7
010000001001100100000000
5
010000010001100100000000
5
010000100001100100000000
5
010001000001100100000000
8
010001000011100000000000
1
010001000010110000000000
7
010001000011110000000000
5
010000100011110000000000
6
001000100011110000000100
1
001000100010110000001100
7
001000100011110001001000
5
001000010011110001001000
5
001000001011110001011000
5
001000000111110001011000
4
001000000101010000011000
0
001000000100001000001000
0
001000000100001000001000
0
100001000011110000000000
5
100000100011110000000000
6
010000100011110000000000
5
010000010011110000000000
4
010000010001010000000000
0
010000010001010000000000
0
010000010001010000000000
8
010000010011010000010000
3
010000010010000000010100
7
010000010011000100000100
5
010000100011000100000100
5
010001000011000100000100
2
010001000001100000000100
8
010001000011100010000000
6
001001000011100010000000
6
000101000011100010000000
6
000011000011100010000000
4
000011000001000000000000
8
000011000011000000000000
6
000101000011000000100000
6
001001000011000000100000
6
010001000011000000100000
4
010001000001000000110010
8
010001000011001000010010
6
100001000011001000010010
2
100001000001100000010010
8
100001000011100000010010
6
010001000011100000010010
6
001001000011100000010011
2
001001000001100000011011
8
001001000011100010011001
6
000101000011100010011101
2
000101000001100010011101
1
000101000000110010011100
7
000101000001110010011100
8
000101000011110010111100
6
000011000011110010111100
5
000010100011110000111100
1
000010100010110000111100
0
000010100011110001111010
0
100001000011110000000000
6
010001000011110000000000
2
010001000001110000000000
8
010001000011110000000001
6
001001000011110000001101
6
000101000011110000001101
2
000101000001110000001101
5
000100100001110010001100
8
000100100011110010001100
6
000010100011110010001100
1
000010100010110000001100
7
000010100011110001111001
5
000010010011110001111001
5
000010001011110001111001
1
000010001010110001111001
7
000010001011110001111000
5
000010000111110001111000
4
000010000101010000111000
8
000010000111010000111000
6
000100000111010000111011
4
000100000101010000111011
8
000100000111011000110011
6
001000000111011000110011
4
001000000101011000110011
8
001000000111011000100011
6
010000000111011000100011
4
010000000101011000100011
8
010000000111011000000011
6
100000000111011000000011
3
100000000110000000000011
7
100000000111000000000111
5
100000001011000000000111
1
100000001010010000000111
7
100000001011010001000110
5
100000000111010001000110
2
100000000101110000000110
8
100000000111110000000110
6
010000000111110000000110
2
010000000101110000000110
0
010000000100100010000010
0
100001000011110000000000
6
010001000011110000010000
6
001001000011110000011000
4
001001000001010000011000
8
001001000011011000101010
6
010001000011011000101010
4
010001000001011000101010
8
010001000011011000001010
6
100001000011011000001010
5
100000100011010000001010
5
100000010011010000001010
1
100000010010010000101111
7
100000010011010001101101
5
100000001011010001101101
1
100000001010010001101101
7
100000001011010001101100
5
100000000111010001101100
2
100000000101110000101100
8
100000000111110000101100
6
010000000111110000111100
4
010000000101010000111101
8
010000000111011000011101
6
100000000111011000011111
3
100000000110000000011111
7
100000000111000000011111
5
100000001011000000011111
1
100000001010010000011111
7
100000001011010001011110
5
100000000111010001011111
3
100000000110000000011111
7
100000000111000000011111
5
100000001011000000011111
2
100000001001100000011111
8
100000001011100000011111
1
100000001010110000011111
7
100000001011110001011110
5
100000000111110001011110
6
010000000111110000011110
2
010000000101110000111110
0
010000000111110010111010
0
