1001001111000000
6
0101001111000000
5
0100101111000000
1
0100101011000000
3
0100101010000010
2
0100100010010001
7
0100100110011000
5
0101000110011000
1
0101000011001000
7
0101000111001010
5
0100100111001010
3
0100100010001011
0
0100100010011001
0
0100100010011011
0
0100100010011010
0
0100100010011000
8
0100101010011001
2
0100100010011001
7
0100100110011000
5
0101000110011000
1
0101000011001000
7
0101000111001001
5
0100100111001000
3
0100100010001010
8
0100101010011001
2
0100100010011001
7
0100100110011000
5
0101000110011000
1
0101000011001000
7
0101000111001000
5
0100100111001000
8
0100101111001000
6
0010101111001000
3
0010101010000001
1
0010101011000001
7
0010101111000100
5
0010011111000100
0
0010010111000010
0
0010010011000010
0
0010010010000010
0
1001001111000000
6
0101001111000000
5
0100101111000010
1
0100101011000010
4
0100100001000010
0
0100100001100000
8
0100101001100000
6
1000101001100000
3
1000101000000000
2
1000100010000000
8
1000101010000000
7
1000101110000000
6
0100101110000000
2
0100100110000001
8
0100101110001010
3
0100101010001010
6
0010101010011000
4
0010100000010000
8
0010101000010000
6
0100101000010010
7
0100101100010000
5
0101001100010000
0
0101001100000000
0
0101001100000000
3
0101001000000000
4
0101000000000000
1
0101000001000000
7
0101000101000000
5
0100100101000000
8
0100101101000000
1
0100101001000000
0
0100101001000000
6
1000101001000000
2
1000100011000010
3
1000100010000010
7
1000100110010001
5
1001000110010001
0
1001000010000001
0
1001000000000001
0
1001001000000001
0
1001001111000000
5
1000101111000001
6
0100101111000011
4
0100100101000011
1
0100100001100001
7
0100100101100100
5
0100010101100101
3
0100010000100001
7
0100010100100001
5
0100100100100001
1
0100100001100001
0
0100100001100100
0
0100100001100100
7
0100100101100100
5
0100010101100100
3
0100010000100000
7
0100010100100010
5
0100100100100000
1
0100100001100000
8
0100101001100001
0
0100101001100100
6
1000101001100100
2
1000100011000100
8
1000101011000100
6
0100101011000110
4
0100100001000110
7
0100100101100101
1
0100100001100111
8
0100101001100101
6
1000101001100101
2
1000100011000100
8
1000101011000110
6
0100101011000110
7
0100101111000110
5
0100011111000110
4
0100010101000011
8
0100011101100001
6
1000011101100001
0
1000011001000001
0
1000011001000001
0
1001001111000000
5
1000101111000001
1
1000101011000001
2
1000100011000110
8
1000101011000110
6
0100101011000110
4
0100100001000110
0
0100100001100100
7
0100100101100100
5
0100010101100100
3
0100010000100011
7
0100010100100001
5
0100100100100001
1
0100100001100001
8
0100101001100100
4
0100100001100100
0
0100100001100100
7
0100100101100110
5
0100010101100101
3
0100010000100001
7
0100010100100001
5
0100100100100001
1
0100100001100011
0
0100100001100100
0
0100100001100100
8
0100101001100101
6
1000101001100100
2
1000100011000101
8
1000101011000101
6
0100101011000100
7
0100101111000101
5
0100011111000101
3
0100011010000001
2
0100010010000001
8
0100011010001000
6
0010011010001000
7
0010011110000001
5
0010101110000001
1
0010101011000001
0
0010101111000100
0
1001001111000000
5
1000101111000000
6
0100101111000000
4
0100100101000000
8
0100101101000000
0
0100101101000000
2
0100100111000010
4
0100100101000010
0
0100100101100010
1
0100100001100000
0
0100100001100000
8
0100101001100000
6
1000101001100011
2
1000100011000110
8
1000101011000111
6
0100101011000110
4
0100100001000110
8
0100101001100100
6
1000101001100111
2
1000100011000110
8
1000101011000111
6
0100101011000110
4
0100100001000110
0
0100100001100100
8
0100101001100100
6
1000101001100110
2
1000100011000111
8
1000101011000110
6
0100101011000110
4
0100100001000111
7
0100100101100110
5
0100010101100100
8
0100011101100000
6
1000011101100011
2
1000011000000011
7
1000011100000011
5
1000101100000011
1
1000101000000011
0
1000100010010001
0
1000101010010001
0
1001001111000000
0
1001001111000000
6
0101001111000001
5
0100101111000011
2
0100100111000011
3
0100100010001010
8
0100101010011000
6
0010101010011010
4
0010100000010001
8
0010101000010001
6
0100101000010001
2
0100100010010001
0
0100100010011010
0
0100100010011000
0
0100100010011000
0
0100100010011000
8
0100101010011001
2
0100100010011001
7
0100100110011000
5
0101000110011010
1
0101000011001010
7
0101000111001010
5
0100100111001010
3
0100100010001010
0
0100100010011000
7
0100100110011000
5
0101000110011001
1
0101000011001000
7
0101000111001001
5
0100100111001001
3
0100100010001001
0
0100100010001000
7
0100100110001000
8
0100101110001000
6
0010101110001000
1
0010101011000000
0
0010100011000010
3
0010100010000010
0
0010100010010000
0
0010100110010000
0
1001001111000000
5
1000101111000001
1
1000101011000001
6
0100101011000101
4
0100100001000100
0
0100100001000100
0
0100100001000100
7
0100100101000111
1
0100100001100101
8
0100101001100111
4
0100100001100110
0
0100100001100110
0
0100100001100100
0
0100100001100101
0
0100100001100100
0
0100100001100100
7
0100100101100100
5
0100010101100100
3
0100010000100000
7
0100010100100010
5
0100100100100000
1
0100100001100010
8
0100101001100000
6
1000101001100001
2
1000100011000110
8
1000101011000110
6
0100101011000110
4
0100100001000110
8
0100101001100100
6
1000101001100100
2
1000100011000101
8
1000101011000110
7
1000101111000110
5
1000011111000110
6
0100011111000011
2
0100010101000011
8
0100011101100001
6
1000011101100001
0
1000011001000011
0
1000010011000011
0
1001001111000000
5
1000101111000001
6
0100101111000011
0
0100101111000011
3
0100101010000011
2
0100100010010011
7
0100100110011010
3
0100100010011010
0
0100100010011001
7
0100100110011000
5
0101000110011010
1
0101000011001011
7
0101000111001011
5
0100100111001010
3
0100100010001010
0
0100100010011001
0
0100100010011001
0
0100100010011011
7
0100100110011000
5
0101000110011010
1
0101000011001011
7
0101000111001011
5
0100100111001010
3
0100100010001010
8
0100101010011000
6
0010101010011010
4
0010100000010001
8
0010101000010001
6
0100101000010001
2
0100100010010001
8
0100101010011010
6
0010101010011000
7
0010101110010000
5
0011001110010000
1
0011001011000000
7
0011001111000001
5
0010101111000001
1
0010101011000001
0
0010100001000101
0
0010100101000100
0
1001001111000000
6
0101001111000000
5
0100101111000001
1
0100101011000011
4
0100100001000110
0
0100100001100100
7
0100100101100110
5
0100010101100100
3
0100010000100000
7
0100010100100000
5
0100100100100000
8
0100101100100000
6
1000101100100000
3
1000101000000001
2
1000100010000001
8
1000101010000001
6
0100101010000001
1
0100101011000001
4
0100100001000100
7
0100100101000101
1
0100100001000101
7
0100100101000100
5
0100010101000110
3
0100010000100000
7
0100010100100000
5
0100100100100001
1
0100100001100001
7
0100100101100100
5
0100010101100100
3
0100010000100011
8
0100011000100011
4
0100010000100011
8
0100011000100001
6
1000011000100001
7
1000011100000011
5
1000101100000011
1
1000101001000011
7
1000101101000111
1
1000101001000111
0
1000101101000110
0
1001001111000000
6
0101001111000000
4
0101000101000000
5
0100100101000010
1
0100100001100000
8
0100101001100001
0
0100101001100110
4
0100100001100110
0
0100100001100100
0
0100100001100100
8
0100101001100100
6
1000101001100100
2
1000100011000100
8
1000101011000100
6
0100101011000110
4
0100100001000111
7
0100100101100100
0
0100100101100101
1
0100100001100101
7
0100100101100100
5
0100010101100100
3
0100010000100010
7
0100010100100001
5
0100100100100001
1
0100100001100001
8
0100101001100110
4
0100100001100110
8
0100101001100101
6
1000101001100100
2
1000100011000101
8
1000101011000100
7
1000101111000100
5
1000011111000100
6
0100011111000001
2
0100010111000001
8
0100011111001010
6
0010011111001010
0
0010010101000010
0
0010010111000010
0
0010010010000010
0
1001001111000000
5
1000101111000000
1
1000101011000000
6
0100101011000000
3
0100101010000000
0
0100101010000000
2
0100100010000000
4
0100100000000010
7
0100100100110000
5
0101000100110000
1
0101000001100000
7
0101000101100000
5
0100100101100001
1
0100100001100011
8
0100101001100100
6
1000101001100100
2
1000100011000100
8
1000101011000100
6
0100101011000100
4
0100100001000100
7
0100100101000100
5
0100010101000101
2
0100010111000001
3
0100010010001000
7
0100010110001000
5
0100100110001010
3
0100100010001010
7
0100100110011000
5
0101000110011000
1
0101000011001011
7
0101000111001010
8
0101001111001010
6
0011001111001010
5
0010101111000010
3
0010101010000010
7
0010101110010010
3
0010101010010010
7
0010101110010001
5
0011001110010011
0
0011000100000011
0
1001001111000000
5
1000101111000000
3
1000101010000001
6
0100101010000001
2
0100100010000011
7
0100100110011000
3
0100100010011000
0
0100100010011010
8
0100101010011010
6
0010101010011000
4
0010100000010000
8
0010101000010010
6
0100101000010001
2
0100100010010001
0
0100100010011001
0
0100100010011000
7
0100100110011000
5
0101000110011001
1
0101000011001000
7
0101000111001010
5
0100100111001010
3
0100100010001010
7
0100100110011000
5
0101000110011000
1
0101000011001001
7
0101000111001001
5
0100100111001001
8
0100101111001000
6
0010101111001000
4
0010100101000000
8
0010101101000001
1
0010101001000001
7
0010101101000110
5
0010011101000110
6
0100011101000010
4
0100010101000010
8
0100011101100000
6
1000011101100000
0
1000011101000000
0
1000011001000000
0
1001001111000000
6
0101001111000000
5
0100101111000001
2
0100100111000001
3
0100100010001011
8
0100101010011000
2
0100100010011000
0
0100100010011000
0
0100100010011000
0
0100100010011000
0
0100100010011000
0
0100100010011000
7
0100100110011000
5
0101000110011000
1
0101000011001010
7
0101000111001010
5
0100100111001011
3
0100100010001010
0
0100100010011000
0
0100100010011000
8
0100101010011000
6
0010101010011000
0
0010101010010000
4
0010100000010000
0
0010100000010010
8
0010101000010011
6
0100101000010001
2
0100100010010001
0
0100100010011010
7
0100100110011000
5
0101000110011000
8
0101001110001001
2
0101000110001001
8
0101001110001001
2
0101000110001011
8
0101001110001010
6
0011001110001010
0
0011001110000010
0
0011000110000010
0
0011000100000010
0
1001001111000000
6
0101001111000000
2
0101000111000000
4
0101000101000000
5
0100100101000000
0
0100100101000001
1
0100100001000001
7
0100100101000110
0
0100100101100101
1
0100100001100111
0
0100100001100101
8
0100101001100100
6
1000101001100111
2
1000100011000110
8
1000101011000110
6
0100101011000110
4
0100100001000110
0
0100100001100110
7
0100100101100110
5
0100010101100100
3
0100010000100010
7
0100010100100001
5
0100100100100001
1
0100100001100001
7
0100100101100100
5
0100010101100100
3
0100010000100000
7
0100010100100000
5
0100100100100010
8
0100101100100001
6
1000101100100001
1
1000101001000001
7
1000101101000110
5
1000011101000110
2
1000011000000010
7
1000011100000011
5
1000101100000011
1
1000101001000011
0
1000100001000110
0
1000100001000110
0
1001001111000000
6
0101001111000000
5
0100101111000001
2
0100100111000001
0
0100100111001001
0
0100100111001000
3
0100100010001001
0
0100100010001001
8
0100101010001001
2
0100100010001001
8
0100101010001000
6
0010101010001000
4
0010100000000000
8
0010101000000011
6
0100101000010001
2
0100100010010001
8
0100101010011000
6
0010101010011001
4
0010100000010001
8
0010101000010001
6
0100101000010001
2
0100100010010001
7
0100100110011001
5
0101000110011010
1
0101000011001011
7
0101000111001010
0
0101000111001010
8
0101001111001011
2
0101000111001011
8
0101001111001011
2
0101000111001011
8
0101001111001010
6
0011001111001011
5
0010101111000011
1
0010101010000011
7
0010101110010001
5
0011001110010001
0
0011000110000001
0
0011000100000011
0
0011000000000011
0
1001001111000000
5
1000101111000000
1
1000101011000000
6
0100101011000001
4
0100100001000100
7
0100100101000100
5
0100010101000100
8
0100011101000000
2
0100010111000001
3
0100010010001000
7
0100010110001011
5
0100100110001010
3
0100100010001010
0
0100100010011001
7
0100100110011000
5
0101000110011000
1
0101000011001000
7
0101000111001010
5
0100100111001010
3
0100100010001010
7
0100100110011010
3
0100100010011010
8
0100101010011001
2
0100100010011001
8
0100101010011001
2
0100100010011001
8
0100101010011000
6
0010101010011000
4
0010100000010001
7
0010100100010011
3
0010100000010011
7
0010100100010001
5
0011000100010001
8
0011001100000001
6
0101001100000011
2
0101000110000011
8
0101001110001010
6
0011001110001010
0
0011001110000010
0
0011001110000010
0
1001001111000000
5
1000101111000001
6
0100101111000001
2
0100100111000011
3
0100100010001010
8
0100101010011001
2
0100100010011001
0
0100100010011000
8
0100101010011000
6
0010101010011011
4
0010100000010011
8
0010101000010011
6
0100101000010001
2
0100100010010001
0
0100100010011000
0
0100100010011010
7
0100100110011000
5
0101000110011010
1
0101000011001010
7
0101000111001010
5
0100100111001010
3
0100100010001010
7
0100100110011000
0
0100100110011000
5
0101000110011000
1
0101000011001000
7
0101000111001010
8
0101001111001010
6
0011001111001010
5
0010101111000010
3
0010101010000010
7
0010101110010000
5
0011001110010001
1
0011001011000001
7
0011001111000001
5
0010101111000001
1
0010101011000001
7
0010101111000111
1
0010101011000111
0
0010101111000110
0
1001001111000000
6
0101001111000000
5
0100101111000000
2
0100100111000000
4
0100100101000010
1
0100100001100000
8
0100101001100001
4
0100100001100101
0
0100100001100100
7
0100100101100101
1
0100100001100101
8
0100101001100100
6
1000101001100100
2
1000100011000101
8
1000101011000100
7
1000101111000110
6
0100101111000110
4
0100100101000110
5
0100010101100100
3
0100010000100000
7
0100010100100000
5
0100100100100000
8
0100101100100000
6
1000101100100000
1
1000101001000001
2
1000100011000100
8
1000101011000101
7
1000101111000110
5
1000011111000110
6
0100011111000010
4
0100010101000011
8
0100011101100001
6
1000011101100001
2
1000011000000001
7
1000011100000011
5
1000101100000011
1
1000101001000011
7
1000101101000111
1
1000101001000111
0
1000101101000110
0
1001001111000000
6
0101001111000000
2
0101000111000000
5
0100100111000000
4
0100100101000001
1
0100100001000001
7
0100100101000110
5
0100010101100110
3
0100010000100001
7
0100010100100001
5
0100100100100001
1
0100100001100011
0
0100100001100100
7
0100100101100100
5
0100010101100101
3
0100010000100001
7
0100010100100001
5
0100100100100001
1
0100100001100011
8
0100101001100101
6
1000101001100101
2
1000100011000100
8
1000101011000100
6
0100101011000110
4
0100100001000110
7
0100100101100111
1
0100100001100101
7
0100100101100101
1
0100100001100101
7
0100100101100110
5
0100010101100110
8
0100011101100000
6
1000011101100000
2
1000011000000010
7
1000011100000011
5
1000101100000011
1
1000101001000011
7
1000101101000110
5
1000011101000111
0
1000010111000011
0
1001001111000000
6
0101001111000010
4
0101000101000010
5
0100100101100000
0
0100100101100000
1
0100100001100011
0
0100100001100101
0
0100100001100100
0
0100100001100100
0
0100100001100110
8
0100101001100100
6
1000101001100100
4
1000100001000101
2
1000100011000100
0
1000100011000100
8
1000101011000101
6
0100101011000100
0
0100101011000100
7
0100101111000100
5
0100011111000100
1
0100011011000000
2
0100010011000001
3
0100010010001001
7
0100010110001000
5
0100100110001001
8
0100101110001000
6
0010101110001001
1
0010101011000001
7
0010101111000101
1
0010101011000101
7
0010101111000100
5
0010011111000101
3
0010010101000001
8
0010011101000011
6
0100011101000011
2
0100010101000011
8
0100011101100011
4
0100010101100011
0
0100010101100001
0
0100010101100001
0
1001001111000000
5
1000101111000010
6
0100101111000010
4
0100100101000010
1
0100100001100010
0
0100100001100001
7
0100100101100101
1
0100100001100101
0
0100100001100100
0
0100100001100110
7
0100100101100110
5
0100010101100101
3
0100010000100001
7
0100010100100001
5
0100100100100011
1
0100100001100001
0
0100100001100100
0
0100100001100110
8
0100101001100100
6
1000101001100101
2
1000100011000100
8
1000101011000100
6
0100101011000101
7
0100101111000101
1
0100101011000111
4
0100100001000110
8
0100101001100100
6
1000101001100101
7
1000101101000101
1
1000101001000101
7
1000101101000110
5
1000011101000111
2
1000011000000011
7
1000011100000011
5
1000101100000011
1
1000101000000011
7
1000101100010001
5
1001001100010001
0
1001000110000001
0
1001001110000001
0
1001001111000000
6
0101001111000000
5
0100101111000011
2
0100100111000011
3
0100100010001011
7
0100100110011010
3
0100100010011010
0
0100100010011010
0
0100100010011000
8
0100101010011010
6
0010101010011001
4
0010100000010011
8
0010101000010001
6
0100101000010001
2
0100100010010001
7
0100100110011000
5
0101000110011000
1
0101000011001001
7
0101000111001000
5
0100100111001010
3
0100100010001010
7
0100100110011001
5
0101000110011000
1
0101000011001001
7
0101000111001000
5
0100100111001000
3
0100100010001000
8
0100101010001010
6
0010101010011011
7
0010101110010011
3
0010101010010011
7
0010101110010001
5
0011001110010001
1
0011000100000001
8
0011001100000001
6
0101001100000001
2
0101000110000011
8
0101001110001010
6
0011001110001011
0
0011000110000011
0
1001001111000000
5
1000101111000010
6
0100101111000010
3
0100101010000011
2
0100100010010011
7
0100100110011000
3
0100100010011001
0
0100100010011000
0
0100100010011000
7
0100100110011001
5
0101000110011010
1
0101000011001010
7
0101000111001010
5
0100100111001010
3
0100100010001011
8
0100101010011000
6
0010101010011011
4
0010100000010001
8
0010101000010001
6
0100101000010001
2
0100100010010011
0
0100100010011000
8
0100101010011000
6
0010101010011000
7
0010101110010000
4
0010100100010001
5
0011000100010001
8
0011001100000001
6
0101001100000001
2
0101000110000001
8
0101001110001001
2
0101000110001011
8
0101001110001010
6
0011001110001010
1
0011000100000010
8
0011001100000010
6
0101001100000010
4
0101000100000010
0
0101000000100000
0
0101000000100001
0
1001001111000000
6
0101001111000000
5
0100101111000000
4
0100100101000000
2
0100100111000010
3
0100100010000011
0
0100100010011000
0
0100100010011000
0
0100100010011001
8
0100101010011000
6
0010101010011010
4
0010100000010001
8
0010101000010011
6
0100101000010001
2
0100100010010001
0
0100100010011000
0
0100100010011001
8
0100101010011010
6
0010101010011000
0
0010101010010000
4
0010100000010000
8
0010101000010000
0
0010101000010000
6
0100101000010001
7
0100101100010001
5
0101001100010011
2
0101000100000011
8
0101001100100011
4
0101000100100011
8
0101001100100001
6
1001001100100011
1
1001001001000011
7
1001001101000011
5
1000101101000011
1
1000101000000011
7
1000101100010011
3
1000101000010011
7
1000101100010001
5
1001001100010001
0
1001000100000001
0
1001001111000000
6
0101001111000000
5
0100101111000000
3
0100101010000000
1
0100101011000001
0
0100101011000101
4
0100100001000110
0
0100100001100100
8
0100101001100110
4
0100100001100110
0
0100100001100100
0
0100100001100100
7
0100100101100100
5
0100010101100100
3
0100010000100000
7
0100010100100000
5
0100100100100010
1
0100100001100010
8
0100101001100001
6
1000101001100100
2
1000100011000101
8
1000101011000100
6
0100101011000110
4
0100100001000110
7
0100100101100111
1
0100100001100101
7
0100101001100110
4
0100100001100110
7
0100100101100101
1
0100100001100101
7
0100101001100100
6
1000101001100110
7
1000101101000110
5
1000011101000110
2
1000011000000010
7
1000011100000010
5
1000101100000010
3
1000101000000010
0
1000101000010000
0
1000101100010001
0
1001001111000000
5
1000101111000010
3
1000101010000010
6
0100101010010000
7
0100101110010001
2
0100100110010011
3
0100100010011010
0
0100100010011000
7
0100100110011011
3
0100100010011010
0
0100100010011000
0
0100100010011001
7
0100100110011000
3
0100100010011001
0
0100100010011000
7
0100100110011001
5
0101000110011000
1
0101000011001001
7
0101000111001010
5
0100100111001010
3
0100100010001010
7
0100100110011000
5
0101000110011000
1
0101000011001000
7
0101000111001001
5
0100100111001000
0
0100100111001010
3
0100100010001010
7
0100101010011010
6
0010101010011000
7
0010101110010011
3
0010101010010011
7
0010101110010001
5
0011001110010001
1
0011001011000001
7
0011001111000011
5
0010101111000011
1
0010101011000011
0
0010100011000110
0
0010100001000110
0
1001001111000000
5
1000101111000000
3
1000101010000000
6
0100101010000011
2
0100100010010011
7
0100100110011001
3
0100100010011000
0
0100100010011000
7
0100100110011000
5
0101000110011000
0
0101000110001001
1
0101000011001000
7
0101000111001000
8
0101001111001010
5
0100101111001010
3
0100101010001010
6
0010101010011011
4
0010100000010001
8
0010101000010011
6
0100101000010001
2
0100100010010001
0
0100100010011000
0
0100100010011010
7
0100100110011010
3
0100100010011010
8
0100101010011001
2
0100100010011001
7
0100101010011000
6
0010101010011001
7
0010101110010001
5
0011001110010001
1
0011000100000001
8
0011001100000011
6
0101001100000011
2
0101000110000011
8
0101001110001010
6
0011001110001010
0
0011001110000010
0
0011001110000010
0
0011001010000010
0
1001001111000000
6
0101001111000000
5
0100101111000000
2
0100100111000011
3
0100100010001010
0
0100100010011010
0
0100100010011000
7
0100100110011010
3
0100100010011010
8
0100101010011011
2
0100100010011001
7
0100100110011010
3
0100100010011010
8
0100101010011000
6
0010101010011000
4
0010100000010000
8
0010101000010000
6
0100101000010001
2
0100100010010001
7
0100100110011000
5
0101000110011000
1
0101000011001001
7
0101000111001001
5
0100100111001000
5
0100010111001000
3
0100010010001000
7
0100010110001000
0
0100010110001011
8
0100011110001010
6
0010011110001011
5
0010101110000011
1
0010101011000011
7
0010101111000111
1
0010101011000111
7
0010101111000111
1
0010101011000111
7
0010101111000110
5
0010011111000110
0
0010011111000010
0
0010011011000010
0
1001001111000000
5
1000101111000000
6
0100101111000011
2
0100100111000011
3
0100100010001010
8
0100101010011000
6
0010101010011000
4
0010100000010000
8
0010101000010000
6
0100101000010010
2
0100100010010010
7
0100100110010010
3
0100100010010010
7
0100100110010000
5
0101000110010000
1
0101000011000001
7
0101000111001001
5
0100100111001011
3
0100100010001010
8
0100101010011000
6
0010101010011000
4
0010100000010000
8
0010101000010010
6
0100101000010000
6
1000101000010001
2
1000100010010011
7
1000100110010001
5
1001000110010001
8
1001001110000011
6
0101001110000011
2
0101000110000011
8
0101001110001010
6
0011001110001010
1
0011001011000010
7
0011001111000010
5
0010101111000010
3
0010101010000010
7
0010101110010000
5
0011001110010000
0
0011000100000000
0
1001001111000000
6
0101001111000000
5
0100101111000001
2
0100100111000011
3
0100100010001010
0
0100100010011001
8
0100101010011001
2
0100100010011001
0
0100100010011000
8
0100101010011010
2
0100100010011000
8
0100101010011000
6
0010101010011010
4
0010100000010000
8
0010101000010000
2
0010100010010000
4
0010100000010010
8
0010101000010001
0
0010101000010001
6
0100101000010011
2
0100100010010001
7
0100100110011000
3
0100100010011000
7
0100100110011001
5
0101000110011000
1
0101000011001000
7
0101000111001010
8
0101001111001011
2
0101000111001011
8
0101001111001010
6
0011001111001010
5
0010101111000010
3
0010101010000011
7
0010101110010001
5
0011001110010001
1
0011001011000011
7
0011001111000011
5
0010101111000011
1
0010101010000011
0
0010101010010001
0
1001001111000000
5
1000101111000000
3
1000101010000000
6
0100101010000001
7
0100101110000001
1
0100101011000011
4
0100100001000110
0
0100100001100101
7
0100100101100100
5
0100010101100110
3
0100010000100000
7
0100010100100010
5
0100100100100010
1
0100100001100010
8
0100101001100001
6
1000101001100110
2
1000100011000110
8
1000101011000111
6
0100101011000110
4
0100100001000110
7
0100100101100100
5
0100010101100100
3
0100010000100000
7
0100010100100000
5
0100100100100010
8
0100101100100010
4
0100100100100010
8
0100101100100010
4
0100100100100011
1
0100100001100001
8
0100101001100100
6
1000101001100100
7
1000101101000110
5
1000011101000110
2
1000011000000011
7
1000011100000011
5
1000101100000011
1
1000101000000011
0
1000100000010011
0
1000101000010011
0
1001001111000000
5
1000101111000000
6
0100101111000010
4
0100100101000011
0
0100100101100001
1
0100100001100001
0
0100100001100101
0
0100100001100110
0
0100100001100111
7
0100100101100101
1
0100100001100111
8
0100101001100110
4
0100100001100110
7
0100100101100100
5
0100010101100100
3
0100010000100000
7
0100010100100000
5
0100100100100001
1
0100100001100001
0
0100100001100110
7
0100100101100110
5
0100010101100110
3
0100010000100010
7
0100010100100000
5
0100100100100001
1
0100100001100001
7
0100100101100100
5
0100010101100100
3
0100010000100001
7
0100010100100001
5
0100100100100001
1
0100100001100011
7
0100100101100110
5
0100010101100100
8
0100011101100000
6
1000011101100000
0
1000011000000000
0
1000010010000001
0
1000010010000001
0
1000010110000011
0
1001001111000000
5
1000101111000010
6
0100101111000011
4
0100100101000011
0
0100100101100001
1
0100100001100011
7
0100100101100110
5
0100010101100111
3
0100010000100001
7
0100010100100001
5
0100100100100001
1
0100100001100001
0
0100100001100100
7
0100100101100110
5
0100010101100100
3
0100010000100000
7
0100010100100001
5
0100100100100011
1
0100100001100001
8
0100101001100101
6
1000101001100110
2
1000100011000110
8
1000101011000111
6
0100101011000110
4
0100100001000110
8
0100101001100100
6
1000101001100100
2
1000100011000110
8
1000101011000111
6
0100101011000111
4
0100100001000110
8
0100101001100100
6
1000101001100100
2
1000100011000100
7
1000100111000100
5
1000010111000100
8
1000011111000000
6
0100011111000010
4
0100010101000010
0
0100010101100000
0
1001001111000000
0
1001001111000001
5
1000101111000011
6
0100101111000011
0
0100101111000011
3
0100101010000011
2
0100100010010001
0
0100100010011001
0
0100100010011010
0
0100100010011000
8
0100101010011000
6
0010101010011000
4
0010100000010010
8
0010101000010000
6
0100101000010000
2
0100100010010000
7
0100100110010000
5
0101000110010000
1
0101000011000011
7
0101000111001010
5
0100100111001010
3
0100100010001010
8
0100101010011000
6
0010101010011001
4
0010100000010001
8
0010101000010001
6
0100101000010001
2
0100100010010001
8
0100101010011000
6
0010101010011010
4
0010100000010000
8
0010101000010000
7
0010101100010001
5
0011001100010011
6
0101001100000011
2
0101000100000011
8
0101001100100011
4
0101000100100011
0
0101000100100001
0
0101000000100001
0
1001001111000000
5
1000101111000001
1
1000101011000011
6
0100101011000110
4
0100100001000110
8
0100101001100100
6
1000101001100110
2
1000100011000110
8
1000101011000110
6
0100101011000110
0
0100101011000111
4
0100100001000110
7
0100100101100100
5
0100010101100110
3
0100010000100000
7
0100010100100001
5
0100100100100001
1
0100100001100001
0
0100100001100100
7
0100100101100100
5
0100010101100100
3
0100010000100001
7
0100010100100001
5
0100100100100001
1
0100100001100001
8
0100101001100100
6
1000101001100100
2
1000100011000100
8
1000101011000100
7
1000101111000100
5
1000011111000100
6
0100011111000000
2
0100010111000000
3
0100010010000000
7
0100010110000010
4
0100010100000010
8
0100011100100000
6
1000011100100000
0
1000011001000000
0
1000010011000000
0
1001001111000000
6
0101001111000010
5
0100101111000010
4
0100100101000010
1
0100100001100000
8
0100101001100011
4
0100100001100111
0
0100100001100101
8
0100101001100100
4
0100100001100100
0
0100100001100111
0
0100100001100100
8
0100101001100100
6
1000101001100100
2
1000100011000100
8
1000101011000110
6
0100101011000111
4
0100100001000111
8
0100101001100110
4
0100100001100110
8
0100101001100100
6
1000101001100100
2
1000100011000100
8
1000101011000100
6
0100101011000100
7
0100101111000110
5
0100011111000110
4
0100010101000010
3
0100010000100000
7
0100010100100000
5
0100100100100000
8
0100101100100010
4
0100100100100010
8
0100101100100011
4
0100100100100011
8
0100101100100001
6
1000101100100001
1
1000101001000011
0
1000100011000111
0
1000100111000110
0
1001001111000000
6
0101001111000000
1
0101001011000000
4
0101000001000010
7
0101000101100000
5
0100100101100000
1
0100100001100000
8
0100101001100000
6
1000101001100010
2
1000100011000010
8
1000101011000010
6
0100101011000011
4
0100100001000110
0
0100100001100100
0
0100100001100100
7
0100100101100100
8
0100101101100101
1
0100101001100101
6
1000101001100100
2
1000100011000110
8
1000101011000111
6
0100101011000110
4
0100100001000111
8
0100101001100100
6
1000101001100110
2
1000100011000110
8
1000101011000110
6
0100101011000110
4
0100100001000111
7
0100100101100110
5
0100010101100101
8
0100011101100001
6
1000011101100011
2
1000010111000011
8
1000011111000011
6
0100011111000011
2
0100010101000011
8
0100011101100001
6
1000011101100001
0
1000011101000011
0
1001001111000000
2
1001000111000001
5
1000100111000001
8
1000101111000001
6
0100101111000001
1
0100101011000001
7
0100101111000100
1
0100101011000100
0
0100101011000110
4
0100100001000110
0
0100100001100100
0
0100100001100101
0
0100100001100100
0
0100100001100110
7
0100100101100100
5
0100010101100100
0
0100010101100000
3
0100010000100000
7
0100010100100001
5
0100100100100001
1
0100100001100011
8
0100101001100100
6
1000101001100110
2
1000100011000110
8
1000101011000110
6
0100101011000110
4
0100100001000111
8
0100101001100100
6
1000101001100111
2
1000100011000110
8
1000101011000111
6
0100101011000110
7
0100101111000110
5
0100011111000110
4
0100010101000010
8
0100011101100000
6
1000011101100000
0
1000011001000010
0
1000010011000010
0
1000010010000010
0
1001001111000000
5
1000101111000001
6
0100101111000001
2
0100100111000001
0
0100100111001000
8
0100101111001010
3
0100101010001011
2
0100100010011011
0
0100100010011011
0
0100100010011010
7
0100100110011000
5
0101000110011011
1
0101000011001011
7
0101000111001010
5
0100100111001011
3
0100100010001010
7
0100100110011001
5
0101000110011000
1
0101000011001001
7
0101000111001001
5
0100100111001000
8
0100101111001011
2
0100100111001011
3
0100100010001010
8
0100101010011000
6
0010101010011000
4
0010100000010000
8
0010101000010000
6
0100101000010001
2
0100100010010001
7
0100100110011000
5
0101000110011000
1
0101000011001000
7
0101000111001011
8
0101001111001010
6
0011001111001010
5
0010101111000010
3
0010101010000010
0
0010101010010000
0
0010100000010000
0
1001001111000000
5
1000101111000010
6
0100101111000010
4
0100100101000010
8
0100101101100000
6
1000101101100000
2
1000100111000001
8
1000101111000001
1
1000101011000011
6
0100101011000110
4
0100100001000110
0
0100100001100100
7
0100100101100100
5
0100010101100101
3
0100010000100001
7
0100010100100001
5
0100100100100001
1
0100100001100001
7
0100100101100111
1
0100100001100101
7
0100100101100100
5
0100010101100100
3
0100010000100000
7
0100010100100000
5
0100100100100000
8
0100101100100010
4
0100100100100010
8
0100101100100001
6
1000101100100011
3
1000101000000011
2
1000100010010001
8
1000101010010001
7
1000101110010011
3
1000101010010011
7
1000101110010001
5
1001001110010001
6
0101001110000001
2
0101000110000011
0
0101000010001010
0
0101001010001010
0
1001001111000000
6
0101001111000000
2
0101000111000000
8
0101001111000000
5
0100101111000000
3
0100101010000001
2
0100100010000001
0
0100100010001000
0
0100100010001001
0
0100100010001010
7
0100100110011000
5
0101000110011000
1
0101000011001001
7
0101000111001001
5
0100100111001000
3
0100100010001000
8
0100101010001011
2
0100100010011011
0
0100100010011000
8
0100101010011010
6
0010101010011001
4
0010100000010001
8
0010101000010001
6
0100101000010011
2
0100100010010001
8
0100101010011000
6
0010101010011010
4
0010100000010000
8
0010101000010000
7
0010101100010001
5
0011001100010001
6
0101001100000001
2
0101000110000011
8
0101001110001010
6
0011001110001010
1
0011000100000011
8
0011001100000011
6
0101001100000011
2
0101000110000011
0
0101000011001011
0
1001001111000000
6
0101001111000001
5
0100101111000001
1
0100101011000001
4
0100100001000100
8
0100101001000101
4
0100100001000101
7
0100100101000111
1
0100100001100101
8
0100101001100100
6
1000101001100100
2
1000100011000110
8
1000101011000110
6
0100101011000110
4
0100100001000110
8
0100101001100100
6
1000101001100100
2
1000100011000100
8
1000101011000100
6
0100101011000100
4
0100100001000110
0
0100100001100110
7
0100100101100101
1
0100100001100101
7
0100100101100100
5
0100010101100100
3
0100010000100000
7
0100010100100000
5
0100100100100001
1
0100100001100001
7
0100100101100110
5
0100010101100101
8
0100011101100001
6
1000011101100011
2
1000010111000011
8
1000011111000011
6
0100011111000011
2
0100010101000011
0
0100010000100001
0
0100011000100001
0
1001001111000000
0
1001001111000000
1
1001001011000010
7
1001001111000010
6
0101001111000010
5
0100101111000011
1
0100101011000011
4
0100100001000111
0
0100100001100100
8
0100101001100100
6
1000101001100110
2
1000100011000111
8
1000101011000111
6
0100101011000111
4
0100100001000110
8
0100101001100110
4
0100100001100110
7
0100100101100110
5
0100010101100101
3
0100010000100001
7
0100010100100001
5
0100100100100001
1
0100100001100001
8
0100101001100100
6
1000101001100100
2
1000100011000100
8
1000101011000101
7
1000101111000100
5
1000011111000100
6
0100011111000000
3
0100011010000000
7
0100011110000010
4
0100010100000010
8
0100011100100010
4
0100010100100011
8
0100011100100001
6
1000011100100001
5
1000101100000001
1
1000101001000001
0
1000100001000101
0
1001001111000000
5
1000101111000001
1
1000101011000001
6
0100101011000100
7
0100101111000100
5
0100011111000100
1
0100011011000000
3
0100011010000001
2
0100010010000001
7
0100010110001000
8
0100011110001000
6
0010011110001010
5
0010101110000010
4
0010100100000010
8
0010101100000011
6
0100101100000011
3
0100101000000011
2
0100100010010001
8
0100101010011000
6
0010101010011000
4
0010100000010000
8
0010101000010010
6
0100101000010001
2
0100100010010011
0
0100100010011000
7
0100100110011000
5
0101000110011010
1
0101000011001011
7
0101000111001010
5
0100100111001010
8
0100101111001010
6
0010101111001010
3
0010101010000010
7
0010101110010001
5
0011001110010001
1
0011000100000011
8
0011001100000011
6
0101001100000011
2
0101000110000011
0
0101000010001010
0
1001001111000000
6
0101001111000001
5
0100101111000011
3
0100101010000011
2
0100100010010001
0
0100100010011000
0
0100100010011001
0
0100100010011010
0
0100100010011000
7
0100100110011000
5
0101000110011000
1
0101000011001010
7
0101000111001011
5
0100100111001010
3
0100100010001010
8
0100101010011000
6
0010101010011000
4
0010100000010000
8
0010101000010001
6
0100101000010001
2
0100100010010011
8
0100101010011000
6
0010101010011000
4
0010100000010000
8
0010101000010000
6
0100101000010000
7
0100101100010000
5
0101001100010010
4
0101000100000010
1
0101000001100000
7
0101000101100000
8
0101001101100000
6
1001001101100000
5
1000101101000000
1
1000101000000000
2
1000100010000000
8
1000101010000010
7
1000101110010000
5
1001001110010000
0
1001001110000000
0
1001001111000000
6
0101001111000000
4
0101000101000000
0
0101000101000000
2
0101000111000010
5
0100100111000010
0
0100100111000011
3
0100100010001010
7
0100100110011001
5
0101000110011000
3
0101000010001010
1
0101000011001010
7
0101000111001010
5
0100100111001010
3
0100100010001010
0
0100100010011000
7
0100100110011000
5
0101000110011000
1
0101000011001010
7
0101000111001010
5
0100100111001011
3
0100100010001010
7
0100100110011000
5
0101000110011000
1
0101000011001001
7
0101000111001000
5
0100100111001000
8
0100101111001010
6
0010101111001010
3
0010101010000010
4
0010100000010000
7
0010100100010000
5
0011000100010000
8
0011001100000000
6
0101001100000011
2
0101000100000011
8
0101001100100011
4
0101000100100011
0
0101000100100001
0
0101000100100011
0
1001001111000000
5
1000101111000001
6
0100101111000001
1
0100101011000001
4
0100100001000100
7
0100100101000100
5
0100010101000100
3
0100010000000010
7
0100010100100000
5
0100100100100001
1
0100100001100001
8
0100101001100101
6
1000101001100110
2
1000100011000111
8
1000101011000110
6
0100101011000110
4
0100100001000110
8
0100101001100100
6
1000101001100100
2
1000100011000110
8
1000101011000111
6
0100101011000111
4
0100100001000111
7
0100100101100100
5
0100010101100100
3
0100010000100000
7
0100010100100001
0
0100010100100001
8
0100011100100001
6
1000011100100001
5
1000101100000001
1
1000101001000011
7
1000101101000111
1
1000101001000111
7
1000101101000110
5
1000011101000110
0
1000011101000011
0
1000010111000011
0
1000010010000011
0
1000011010000011
0
1001001111000000
6
0101001111000010
4
0101000101000010
5
0100100101100000
1
0100100001100001
8
0100101001100110
4
0100100001100110
0
0100100001100100
0
0100100001100100
7
0100100101100100
5
0100010101100100
3
0100010000100001
7
0100010100100001
5
0100100100100011
1
0100100001100001
7
0100100101100101
1
0100100001100101
8
0100101001100100
6
1000101001100100
2
1000100011000100
8
1000101011000100
6
0100101011000101
4
0100100001000100
0
0100100001000100
7
0100100101000100
5
0100010101000100
2
0100010111000000
3
0100010010000000
7
0100010110000000
5
0100100110000010
3
0100100010000011
7
0100101010011000
6
0010101010011000
7
0010101110010000
5
0011001110010010
1
0011001011000010
7
0011001111000011
5
0010101111000011
1
0010101010000011
0
0010100000010011
0
1001001111000000
6
0101001111000000
3
0101001010000010
2
0101000010000010
1
0101000011000010
7
0101000111000010
5
0100100111000010
3
0100100010000011
7
0100100110011000
5
0101000110011011
1
0101000011001011
7
0101000111001010
5
0100100111001010
3
0100100010001010
0
0100100010011010
0
0100100010011001
0
0100100010011010
0
0100100010011001
7
0100100110011010
3
0100100010011011
8
0100101010011000
6
0010101010011000
4
0010100000010000
8
0010101000010010
6
0100101000010001
2
0100100010010001
0
0100100010011000
7
0100100110011001
5
0101000110011001
1
0101000011001000
8
0101001011001000
6
0011001011001010
7
0011001111000010
5
0010101111000011
1
0010101010000011
7
0010101110010001
5
0011001110010001
0
0011000100000001
0
0011000110000001
0
0011000100000011
0
1001001111000000
6
0101001111000000
0
0101001111000000
5
0100101111000010
3
0100101010000011
2
0100100010010001
8
0100101010011000
6
0010101010011010
4
0010100000010000
8
0010101000010000
6
0100101000010000
7
0100101100010011
3
0100101000010011
2
0100100010010001
8
0100101010011000
6
0010101010011010
4
0010100000010000
8
0010101000010000
6
0100101000010011
2
0100100010010001
8
0100101010011001
2
0100100010011001
8
0100101010011000
6
0010101010011010
4
0010100000010000
8
0010101000010000
6
0100101000010010
0
0100101000010001
7
0100101100010001
5
0101001100010001
2
0101000110000011
8
0101001110001010
6
0011001110001010
1
0011001011000011
7
0011001111000011
5
0010101111000011
1
0010101010000011
7
0010101110010011
3
0010101010010011
0
0010100010010001
0
1001001111000000
6
0101001111000000
4
0101000101000000
5
0100100101000000
1
0100100001000010
8
0100101001100000
6
1000101001100010
3
1000101000000010
2
1000100010010001
8
1000101010010001
6
0100101010010011
2
0100100010010001
7
0100100110011000
5
0101000110011001
1
0101000011001010
7
0101000111001011
5
0100100111001010
3
0100100010001010
7
0100100110011000
5
0101000110011000
1
0101000011001001
7
0101000111001010
5
0100100111001010
3
0100100010001010
8
0100101010011010
6
0010101010011001
4
0010100000010001
7
0010100100010001
5
0011000100010001
8
0011001100000011
6
0101001100000011
2
0101000110000011
8
0101001110001011
2
0101000110001011
8
0101001110001010
6
0011001110001010
0
0011000100000010
0
0011000000000010
0
0011000010000010
0
0011000010000010
0
1001001111000000
5
1000101111000010
3
1000101010000010
6
0100101010010001
2
0100100010010011
0
0100100010011010
0
0100100010011011
0
0100100010011000
0
0100100010011000
8
0100101010011000
6
0010101010011000
4
0010100000010001
8
0010101000010001
6
0100101000010001
2
0100100010010001
0
0100100010011000
8
0100101010011010
6
0010101010011000
4
0010100000010000
8
0010101000010000
6
0100101000010000
7
0100101100010000
5
0101001100010000
2
0101000110000010
4
0101000100000010
1
0101000001100000
7
0101000101100010
0
0101000101100000
8
0101001101100000
6
1001001101100010
5
1000101101000010
3
1000101000000010
7
1000101100010010
3
1000101000010010
7
1000101100010001
5
1001001100010011
0
1001001000000011
0
1001001100000011
0
1001000100000011
0
1001000000000011
0
1001001111000000
5
1000101111000000
6
0100101111000010
4
0100100101000010
0
0100100101100001
1
0100100001100001
0
0100100001100100
0
0100100001100100
0
0100100001100100
7
0100100101100110
1
0100100001100101
8
0100101001100100
4
0100100001100101
8
0100101001100101
6
1000101001100111
2
1000100011000110
8
1000101011000111
6
0100101011000111
4
0100100001000111
7
0100100101100100
5
0100010101100110
3
0100010000100000
7
0100010100100010
5
0100100100100001
1
0100100001100001
8
0100101001100100
6
1000101001100100
2
1000100011000111
7
1000100111000110
5
1000010111000110
8
1000011111000011
6
0100011111000011
2
0100010101000011
8
0100011101100001
6
1000011101100001
2
1000011000000001
7
1000011100000001
5
1000101100000001
1
1000101001000001
0
1000100001000100
0
1001001111000000
5
1000101111000001
6
0100101111000001
1
0100101011000001
0
0100101011000100
0
0100101011000100
4
0100100001000110
7
0100100101100111
1
0100100001100111
0
0100100001100101
0
0100100001100100
0
0100100001100100
0
0100100001100111
7
0100100101100101
1
0100100001100101
0
0100100001100110
7
0100100101100110
5
0100010101100110
3
0100010000100010
7
0100010100100000
5
0100100100100001
1
0100100001100001
8
0100101001100110
4
0100100001100110
0
0100100001100111
0
0100100001100110
0
0100100001100111
8
0100101001100101
6
1000101001100101
7
1000101101000100
5
1000011101000100
2
1000011000000010
7
1000011100000010
5
1000101100000010
3
1000101000000010
7
1000101100010000
5
1001001100010010
0
1001001000000010
0
1001001100000010
0
1001001100000010
0
1001001111000000
6
0101001111000000
6
0011001111000000
5
0010101111000000
3
0010101010000000
2
0010100010000000
8
0010101010000000
7
0010101110000000
2
0010100110000010
4
0010100100000010
8
0010101100000010
6
0100101100000011
4
0100100100000011
1
0100100001100001
7
0100100101100100
0
0100100101100100
5
0100010101100101
3
0100010000100001
7
0100010100100001
5
0100100100100001
1
0100100001100001
0
0100100001100100
7
0100100101100100
5
0100010101100111
3
0100010000100011
7
0100010100100001
8
0100011100100001
6
1000011100100001
5
1000101100000001
1
1000101001000001
7
1000101101000110
5
1000011101000110
2
1000011000000010
7
1000011100000011
5
1000101100000011
1
1000101001000011
7
1000101101000110
5
1000011101000110
0
1000010111000010
0
1000010101000011
0
1001001111000000
6
0101001111000000
5
0100101111000000
4
0100100101000010
0
0100100101100010
1
0100100001100010
8
0100101001100000
6
1000101001100001
2
1000100011000110
8
1000101011000111
6
0100101011000110
4
0100100001000110
8
0100101001100100
6
1000101001100110
2
1000100011000110
8
1000101011000110
6
0100101011000110
4
0100100001000111
0
0100100001100101
0
0100100001100100
7
0100100101100100
5
0100010101100111
3
0100010000100011
7
0100010100100001
5
0100100100100001
1
0100100001100001
7
0100101001100100
6
1000101001100101
7
1000101101000101
1
1000101001000101
7
1000101101000100
5
1000011101000100
2
1000010111000001
8
1000011111000001
6
0100011111000011
2
0100010111000011
8
0100011111001011
2
0100010111001011
0
0100010011001010
0
0100011011001010
0
1001001111000000
5
1000101111000010
0
1000101111000010
3
1000101010000010
6
0100101010010000
7
0100101110010010
3
0100101010010010
2
0100100010010010
7
0100100110010000
5
0101000110010000
1
0101000011000000
7
0101000111000000
5
0100100111000000
0
0100100111000000
3
0100100010000001
8
0100101010001000
6
0010101010001010
4
0010100000010010
8
0010101000010000
6
0100101000010001
2
0100100010010001
7
0100100110011000
5
0101000110011000
1
0101000011001000
7
0101000111001000
5
0100100111001000
8
0100101111001001
2
0100100111001001
8
0100101111001001
2
0100100111001001
8
0100101111001000
6
0010101111001010
3
0010101010000010
7
0010101110010000
5
0011001110010001
1
0011000100000011
8
0011001100000011
6
0101001100000011
2
0101000100000011
0
0101000000100001
0
1001001111000000
5
1000101111000000
6
0100101111000000
1
0100101011000000
3
0100101010000001
2
0100100010000001
8
0100101010001010
6
0010101010011010
4
0010100000010011
8
0010101000010011
6
0100101000010001
2
0100100010010001
0
0100100010011000
7
0100100110011010
3
0100100010011011
8
0100101010011000
6
0010101010011000
7
0010101110010000
4
0010100100010000
8
0010101100010000
5
0011001100010000
6
0101001100000000
2
0101000110000000
1
0101000011000000
7
0101000111000000
5
0100100111000001
5
0100010111001010
8
0100011111001010
6
0010011111001010
3
0010011010000010
7
0010011110000010
5
0010101110000010
3
0010101010000010
7
0010101110010000
5
0011001110010000
1
0011000100000000
8
0011001100000011
6
0101001100000011
2
0101000110000011
0
0101001110001010
0
1001001111000000
5
1000101111000001
1
1000101011000001
6
0100101011000100
4
0100100001000100
7
0100100101000110
1
0100100001100100
7
0100100101100100
1
0100100001100101
0
0100100001100100
7
0100100101100100
5
0100010101100100
3
0100010000100000
7
0100010100100000
5
0100100100100001
1
0100100001100001
7
0100100101100100
5
0100010101100100
3
0100010000100010
7
0100010100100011
5
0100100100100011
1
0100100001100011
8
0100101001100101
6
1000101001100100
2
1000100011000101
8
1000101011000100
6
0100101011000101
0
0100101011000101
7
0100101111000101
1
0100101011000101
7
0100101111000100
5
0100011111000111
2
0100010101000011
8
0100011101100001
6
1000011101100011
2
1000011000000011
7
1000011100000011
5
1000101100000011
1
1000101000000011
0
1000101000010001
0
1001001111000000
6
0101001111000001
2
0101000111000001
5
0100100111001000
3
0100100010001010
0
0100100010011000
8
0100101010011000
6
0010101010011000
4
0010100000010000
8
0010101000010000
6
0100101000010010
2
0100100010010010
7
0100100110010000
5
0101000110010010
4
0101000100000010
1
0101000001100000
7
0101000101100000
5
0100100101100000
1
0100100001100001
0
0100100001100110
7
0100100101100100
5
0100010101100100
3
0100010000100000
7
0100010100100000
5
0100100100100000
1
0100100001100001
7
0100101001100100
6
1000101001100110
7
1000101101000110
5
1000011101000111
2
1000010111000011
8
1000011111000011
6
0100011111000011
2
0100010111000011
8
0100011111001010
6
0010011111001010
0
0010011010000010
0
0010010010000010
0
0010010010000010
0
0010010110000010
0
1001001111000000
6
0101001111000001
4
0101000101000001
2
0101000111000001
5
0100100111001001
8
0100101111001001
2
0100100111001001
3
0100100010001001
8
0100101010001001
2
0100100010001001
8
0100101010001011
2
0100100010011011
8
0100101010011010
6
0010101010011010
0
0010101010010000
2
0010100010010000
8
0010101010010000
4
0010100000010000
8
0010101000010000
6
0100101000010000
7
0100101100010010
3
0100101000010010
7
0100101100010000
5
0101001100010000
4
0101000100000000
1
0101000001000001
7
0101000101000001
2
0101000111000001
5
0100100111001001
8
0100101111001001
2
0100100111001001
8
0100101111001000
6
0010101111001000
3
0010101010000000
4
0010100000000000
8
0010101000000000
6
0100101000000000
2
0100100010000000
0
0100100010000001
0
0100100110001010
0
1001001111000000
6
0101001111000001
2
0101000111000001
5
0100100111001000
0
0100100111001000
3
0100100010001000
8
0100101010001001
2
0100100010001011
7
0100100110011001
5
0101000110011001
1
0101000011001011
7
0101000111001010
5
0100100111001010
3
0100100010001010
8
0100101010011001
2
0100100010011001
8
0100101010011000
6
0010101010011000
4
0010100000010010
8
0010101000010000
6
0100101000010010
7
0100101100010000
5
0101001100010000
3
0101001000000010
4
0101000000000010
1
0101000001100010
7
0101000101100001
5
0100100101100011
1
0100100001100011
8
0100101001100100
6
1000101001100100
7
1000101101000110
5
1000011101000110
2
1000010111000010
8
1000011111000010
6
0100011111000010
4
0100010101000011
8
0100011101100001
6
1000011101100001
0
1000011001000001
0
1001001111000000
5
1000101111000011
6
0100101111000011
4
0100100101000011
1
0100100001100001
0
0100100001100101
7
0100100101100100
1
0100100001100100
0
0100100001100110
0
0100100001100110
8
0100101001100100
6
1000101001100100
2
1000100011000100
8
1000101011000100
6
0100101011000100
4
0100100001000100
7
0100100101000100
5
0100010101000100
0
0100010101000000
3
0100010000000000
7
0100010100000000
5
0100100100000001
1
0100100001000011
7
0100100101100101
1
0100100001100101
8
0100101001100100
6
1000101001100100
2
1000100011000101
8
1000101011000100
6
0100101011000100
7
0100101111000101
1
0100101011000101
7
0100101111000110
5
0100011111000110
4
0100010101000011
8
0100011101100011
4
0100010101100011
8
0100011101100001
6
1000011101100001
0
1000011101000011
0
1001001111000000
5
1000101111000000
6
0100101111000000
0
0100101111000001
1
0100101011000001
0
0100101011000110
4
0100100001000111
8
0100101001100110
4
0100100001100110
0
0100100001100100
0
0100100001100101
8
0100101001100100
6
1000101001100100
2
1000100011000110
8
1000101011000111
6
0100101011000110
4
0100100001000110
7
0100100101100100
5
0100010101100100
0
0100010101100000
3
0100010000100010
7
0100010100100010
5
0100100100100010
8
0100101100100001
6
1000101100100001
1
1000101001000001
2
1000100011000100
8
1000101011000101
6
0100101011000111
4
0100100001000110
8
0100101001100100
6
1000101001100100
2
1000100011000100
8
1000101011000100
0
1000101011000100
7
1000101111000110
5
1000011111000110
6
0100011111000010
4
0100010101000010
0
0100010000100010
0
1001001111000000
6
0101001111000000
2
0101000111000010
0
0101000111000010
5
0100100111000010
3
0100100010000010
7
0100100110010011
3
0100100010011010
7
0100100110011001
5
0101000110011000
1
0101000011001010
7
0101000111001010
5
0100100111001010
3
0100100010001011
0
0100100010011010
8
0100101010011000
6
0010101010011001
4
0010100000010001
8
0010101000010011
6
0100101000010001
2
0100100010010001
8
0100101010011000
6
0010101010011000
4
0010100000010001
8
0010101000010001
6
0100101000010001
2
0100100010010001
8
0100101010011001
2
0100100010011011
8
0100101010011000
6
0010101010011000
7
0010101110010000
5
0011001110010000
4
0011000100000000
8
0011001100000010
6
0101001100000010
4
0101000100000011
8
0101001100100001
6
1001001100100001
0
1001000100000001
0
1001001111000000
6
0101001111000000
4
0101000101000000
0
0101000101000000
5
0100100101000000
0
0100100101000001
1
0100100001000001
7
0100100101000100
5
0100010101000100
3
0100010000000010
7
0100010100100000
5
0100100100100000
1
0100100001100010
8
0100101001100000
6
1000101001100000
3
1000101000000000
2
1000100010000000
8
1000101010000010
6
0100101010010000
2
0100100010010000
7
0100100110010000
5
0101000110010001
1
0101000011001001
7
0101000111001000
5
0100100111001000
8
0100101111001000
6
0010101111001001
1
0010101011000001
4
0010100001000100
8
0010101001000100
6
0100101001000100
7
0100101101000110
4
0100100101000110
5
0100010101100100
8
0100011101100010
4
0100010101100010
8
0100011101100000
6
1000011101100010
0
1000010111000011
0
1000011111000011
0
1001001111000000
5
1000101111000000
6
0100101111000010
0
0100101111000010
4
0100100101000010
1
0100100001100010
0
0100100001100000
7
0100100101100000
0
0100100101100000
1
0100100001100001
0
0100100001100111
7
0100100101100100
5
0100010101100100
3
0100010000100001
7
0100010100100011
5
0100100100100001
1
0100100001100011
7
0100100101100100
5
0100010101100110
3
0100010000100000
7
0100010100100011
5
0100100100100001
1
0100100001100011
8
0100101001100100
6
1000101001100101
2
1000100011000111
8
1000101011000110
6
0100101011000110
4
0100100001000110
7
0100100101100101
1
0100100001100111
7
0100100101100100
5
0100010101100100
8
0100011101100010
4
0100010101100010
8
0100011101100010
4
0100010101100011
8
0100011101100001
6
1000011101100001
0
1000010111000001
0
1001001111000000
5
1000101111000010
6
0100101111000010
1
0100101011000010
3
0100101010000010
2
0100100010010001
0
0100100010011001
0
0100100010011001
7
0100100110011011
3
0100100010011010
8
0100101010011000
6
0010101010011000
4
0010100000010000
8
0010101000010000
6
0100101000010000
2
0100100010010010
8
0100101010010000
2
0100100010010000
7
0100100110010010
3
0100100010010010
7
0100100110010001
5
0101000110011000
1
0101000011001001
7
0101000111001011
5
0100100111001010
3
0100100010001010
7
0100100110011010
3
0100100010011010
8
0100101010011010
6
0010101010011000
4
0010100000010010
8
0010101000010000
6
0100101000010000
7
0100101100010010
3
0100101000010011
7
0100101100010001
5
0101001100010011
2
0101000100000011
0
0101000001100011
0
0101001001100001
0
1001001111000000
6
0101001111000011
5
0100101111000011
2
0100100111000011
3
0100100010001011
7
0100100110011001
3
0100100010011000
0
0100100010011000
8
0100101010011000
6
0010101010011011
4
0010100000010011
8
0010101000010001
6
0100101000010001
7
0100101100010001
2
0100100110010001
5
0101000110011000
3
0101000010001000
1
0101000011001010
7
0101000111001011
5
0100100111001010
3
0100100010001010
8
0100101010011000
6
0010101010011000
4
0010100000010000
8
0010101000010000
6
0100101000010010
7
0100101100010000
5
0101001100010010
4
0101000100000010
8
0101001100100000
6
1001001100100010
2
1001000110000010
1
1001000011000010
7
1001000111000010
5
1000100111000010
3
1000100010000010
7
1000100110010010
3
1000100010010010
0
1000101010010000
0
1000101010010000
0
1001001111000000
6
0101001111000010
5
0100101111000010
1
0100101011000010
4
0100100001000010
8
0100101001100000
6
1000101001100000
4
1000100001000010
2
1000100011000010
8
1000101011000010
6
0100101011000010
4
0100100001000010
8
0100101001100010
4
0100100001100011
7
0100100101100100
0
0100100101100111
1
0100100001100101
7
0100100101100101
1
0100100001100111
7
0100100101100100
5
0100010101100100
3
0100010000100010
7
0100010100100000
5
0100100100100000
8
0100101100100010
4
0100100100100010
1
0100100001100000
8
0100101001100001
6
1000101001100100
2
1000100011000100
8
1000101011000101
6
0100101011000111
4
0100100001000110
7
0100100101100110
5
0100010101100110
8
0100011101100000
6
1000011101100001
0
1000010101000001
0
1000010101000011
0
1000010111000011
0
1001001111000000
5
1000101111000010
6
0100101111000011
4
0100100101000011
1
0100100001100001
8
0100101001100100
6
1000101001100100
2
1000100011000101
8
1000101011000100
7
1000101111000110
6
0100101111000110
4
0100100101000111
1
0100100001100101
7
0100100101100100
5
0100010101100100
3
0100010000100010
7
0100010100100010
5
0100100100100010
1
0100100001100000
7
0100100101100000
8
0100101101100000
6
1000101101100000
3
1000101000000001
1
1000101001000001
2
1000100011000100
8
1000101011000100
6
0100101011000101
7
0100101111000100
5
0100011111000100
4
0100010101000000
3
0100010000000000
7
0100010100000001
2
0100010110000001
8
0100011110001010
6
0010011110001010
5
0010101110000010
3
0010101010000010
7
0010101110010010
3
0010101010010010
0
0010101110010010
0
1001001111000000
5
1000101111000010
6
0100101111000010
4
0100100101000010
1
0100100001100000
8
0100101001100000
6
1000101001100010
2
1000100011000010
8
1000101011000011
6
0100101011000110
4
0100100001000111
8
0100101001100110
4
0100100001100110
7
0100100101100100
5
0100010101100110
3
0100010000100010
7
0100010100100010
5
0100100100100000
1
0100100001100000
7
0100100101100000
1
0100100001100001
8
0100101001100100
6
1000101001100100
2
1000100011000100
8
1000101011000100
6
0100101011000110
4
0100100001000110
7
0100100101100101
1
0100100001100101
8
0100101001100101
6
1000101001100100
2
1000100011000100
7
1000100111000101
1
1000100011000101
7
1000100111000100
5
1000010111000110
8
1000011111000011
6
0100011111000011
2
0100010111000011
0
0100010011001011
0
1001001111000000
1
1001001011000000
6
0101001011000000
4
0101000001000000
7
0101000101000000
2
0101000111000001
5
0100100111001000
3
0100100010001000
0
0100100010001000
8
0100101010001000
0
0100101010001000
0
0100101010001010
6
0010101010011011
4
0010100000010001
8
0010101000010001
6
0100101000010001
2
0100100010010011
0
0100100010011000
7
0100100110011010
3
0100100010011011
8
0100101010011000
6
0010101010011011
4
0010100000010001
8
0010101000010001
6
0100101000010001
2
0100100010010011
8
0100101010011001
2
0100100010011001
8
0100101010011001
2
0100100010011001
8
0100101010011000
6
0010101010011000
4
0010100000010000
7
0010100100010000
5
0011000100010000
8
0011001100000000
6
0101001100000010
4
0101000100000011
0
0101000000100001
0
0101000100100001
0
1001001111000000
6
0101001111000010
5
0100101111000010
4
0100100101000010
1
0100100001100001
7
0100100101100100
1
0100100001100100
0
0100100001100100
0
0100100001100100
7
0100100101100110
5
0100010101100110
3
0100010000100000
7
0100010100100010
5
0100100100100001
1
0100100001100001
7
0100100101100100
5
0100010101100110
3
0100010000100010
7
0100010100100010
5
0100100100100000
1
0100100001100000
8
0100101001100010
4
0100100001100010
8
0100101001100010
4
0100100001100010
8
0100101001100001
6
1000101001100100
2
1000100011000110
8
1000101011000110
6
0100101011000111
6
0010101011000110
7
0010101111000110
5
0010011111000110
3
0010010101000010
8
0010011101000010
6
0100011101000011
2
0100010111000011
8
0100011111001010
6
0010011111001010
0
0010010101000010
0
1001001111000000
5
1000101111000000
6
0100101111000000
2
0100100111000001
3
0100100010001000
7
0100100110001001
3
0100100010001010
7
0100100110011000
5
0101000110011011
1
0101000011001010
7
0101000111001010
5
0100100111001011
3
0100100010001010
0
0100100010011000
0
0100100010011011
8
0100101010011001
2
0100100010011001
0
0100100010011000
0
0100100010011000
7
0100100110011000
5
0101000110011011
1
0101000011001010
7
0101000111001010
5
0100100111001010
3
0100100010001010
7
0100100110011000
5
0101000110011000
1
0101000011001011
7
0101000111001011
5
0100100111001010
3
0100100010001010
7
0100100110011000
5
0101000110011010
8
0101001110001010
6
0011001110001010
1
0011000100000010
8
0011001100000010
6
0101001100000010
4
0101000100000010
0
0101000100100000
0
1001001111000000
6
0101001111000011
4
0101000101000011
5
0100100101100001
1
0100100001100001
0
0100100001100100
0
0100100001100110
8
0100101001100100
6
1000101001100100
2
1000100011000110
8
1000101011000110
6
0100101011000111
4
0100100001000110
8
0100101001100100
6
1000101001100110
2
1000100011000110
8
1000101011000110
6
0100101011000110
4
0100100001000110
7
0100100101100111
1
0100100001100111
8
0100101001100101
6
1000101001100101
2
1000100011000100
8
1000101011000100
6
0100101011000100
7
0100101111000100
5
0100011111000100
4
0100010101000000
3
0100010000000010
7
0100010100100000
5
0100100100100001
8
0100101100100001
6
1000101100100011
1
1000101000000011
7
1000101100010001
5
1001001100010001
0
1001001001000001
0
1001001001000001
0
1001000001000001
0
1001001111000000
6
0101001111000000
5
0100101111000010
0
0100101111000010
4
0100100101000010
1
0100100001100010
8
0100101001100000
6
1000101001100010
2
1000100011000011
8
1000101011000111
6
0100101011000110
4
0100100001000110
7
0100100101100100
5
0100010101100100
3
0100010000100000
7
0100010100100000
5
0100100100100000
1
0100100001100000
8
0100101001100000
6
1000101001100010
3
1000101000000011
2
1000100010010001
8
1000101010010001
6
0100101010010001
2
0100100010010001
7
0100100110011000
5
0101000110011001
1
0101000011001000
7
0101000111001000
8
0101001111001001
2
0101000111001001
5
0100100111001000
3
0100100010001010
7
0100101010011000
6
0010101010011001
7
0010101110010001
5
0011001110010011
0
0011001011000011
0
0011001111000011
0
0011000101000011
0
1001001111000000
6
0101001111000000
5
0100101111000000
2
0100100111000001
3
0100100010001010
0
0100100010011000
8
0100101010011000
6
0010101010011000
4
0010100000010000
8
0010101000010001
6
0100101000010001
2
0100100010010001
0
0100100010011000
8
0100101010011010
6
0010101010011001
4
0010100000010001
8
0010101000010001
6
0100101000010001
2
0100100010010001
8
0100101010011010
6
0010101010011010
4
0010100000010000
8
0010101000010000
6
0100101000010001
2
0100100010010011
8
0100101010011010
6
0010101010011000
7
0010101110010000
5
0011001110010010
4
0011000100000011
8
0011001100000011
6
0101001100000011
2
0101000100000011
8
0101001100100001
6
1001001100100011
1
1001001001000011
7
1001001101000011
5
1000101101000011
1
1000101000000011
0
1000101100010001
0
1001001111000000
6
0101001111000000
2
0101000111000000
5
0100100111000000
3
0100100010000000
7
0100100110000000
5
0101000110000000
0
0101000110000000
1
0101000011000000
7
0101000111000000
5
0100100111000010
3
0100100010000010
7
0100100110010001
5
0101000110011000
1
0101000011001000
7
0101000111001001
5
0100100111001000
3
0100100010001001
8
0100101010001000
6
0010101010001001
1
0010101011000001
4
0010100001000101
8
0010101001000100
6
0100101001000101
7
0100101101000101
1
0100101001000101
4
0100100001000100
7
0100100101000100
5
0100010101000111
3
0100010000100001
8
0100011000100001
6
1000011000100011
7
1000011100000011
5
1000101100000011
1
1000101001000011
7
1000101101000110
5
1000011101000110
0
1000010101000010
0
1000010000000010
0
1000010010000010
0
1001001111000000
6
0101001111000011
5
0100101111000011
3
0100101010000011
2
0100100010010001
0
0100100010011001
0
0100100010011000
0
0100100010011010
0
0100100010011001
8
0100101010011000
6
0010101010011001
4
0010100000010001
8
0010101000010001
6
0100101000010011
2
0100100010010011
7
0100100110011000
5
0101000110011000
1
0101000011001001
7
0101000111001000
5
0100100111001010
3
0100100010001010
8
0100101010011000
6
0010101010011000
4
0010100000010000
8
0010101000010000
6
0100101000010001
2
0100100010010001
7
0100100110011010
3
0100100010011010
7
0100100110011010
3
0100100010011010
7
0100100110011001
5
0101000110011000
8
0101001110001000
6
0011001110001010
1
0011000100000010
8
0011001100000010
6
0101001100000010
4
0101000100000010
0
0101000000100001
0
1001001111000000
6
0101001111000011
5
0100101111000011
3
0100101010000011
2
0100100010010001
0
0100100010011001
8
0100101010011010
6
0010101010011001
4
0010100000010001
8
0010101000010011
6
0100101000010001
2
0100100010010001
0
0100100010011010
8
0100101010011000
6
0010101010011010
4
0010100000010000
8
0010101000010001
6
0100101000010001
2
0100100010010011
8
0100101010011010
6
0010101010011011
4
0010100000010001
8
0010101000010011
6
0100101000010001
2
0100100010010001
8
0100101010011000
6
0010101010011000
4
0010100000010000
8
0010101000010010
6
0100101000010000
6
1000101000010000
2
1000100010010010
7
1000100110010000
5
1001000110010000
8
1001001110000000
6
0101001110000010
4
0101000100000010
8
0101001100100000
6
1001001100100000
0
1001001100000000
0
1001001111000000
6
0101001111000010
4
0101000101000010
5
0100100101100001
1
0100100001100001
7
0100100101100100
5
0100010101100100
3
0100010000100001
7
0100010100100001
5
0100100100100011
1
0100100001100011
8
0100101001100101
4
0100100001100100
8
0100101001100100
6
1000101001100100
2
1000100011000100
8
1000101011000100
6
0100101011000111
4
0100100001000110
8
0100101001100101
6
1000101001100110
2
1000100011000110
8
1000101011000111
6
0100101011000110
4
0100100001000110
7
0100100101100110
5
0100010101100100
3
0100010000100001
7
0100010100100001
8
0100011100100011
4
0100010100100011
8
0100011100100001
6
1000011100100001
5
1000101100000001
1
1000101001000001
7
1000101101000101
1
1000101001000101
7
1000101101000100
5
1000011101000110
0
1000011001000010
0
1001001111000000
6
0101001111000010
5
0100101111000011
4
0100100101000011
1
0100100001100001
0
0100100001100100
8
0100101001100100
7
0100101101100101
1
0100101001100111
4
0100100001100110
8
0100101001100100
6
1000101001100101
2
1000100011000100
8
1000101011000100
6
0100101011000100
4
0100100001000110
0
0100100001100111
7
0100100101100101
1
0100100001100101
7
0100100101100100
5
0100010101100100
3
0100010000100000
7
0100010100100001
5
0100100100100001
1
0100100001100001
0
0100100001100110
8
0100101001100110
4
0100100001100110
8
0100101001100100
6
1000101001100100
7
1000101101000100
5
1000011101000100
2
1000010111000000
8
1000011111000010
6
0100011111000010
4
0100010101000011
8
0100011101100011
4
0100010101100011
0
0100010001100001
0
0100010001100011
0
1001001111000000
5
1000101111000011
1
1000101011000011
6
0100101011000111
4
0100100001000110
0
0100100001100101
0
0100100001100111
7
0100100101100100
8
0100101101100100
5
0100011101100110
4
0100010101100010
3
0100010000100000
7
0100010100100001
5
0100100100100011
1
0100100001100001
7
0100100101100110
5
0100010101100100
3
0100010000100000
7
0100010100100000
5
0100100100100000
1
0100100001100000
8
0100101001100001
6
1000101001100100
2
1000100011000100
8
1000101011000110
6
0100101011000111
0
0100101011000110
7
0100101111000110
5
0100011111000110
3
0100011010000010
4
0100010000000010
8
0100011000100000
6
1000011000100000
7
1000011100000001
5
1000101100000001
1
1000101001000011
7
1000101101000110
5
1000011101000110
0
1000010111000010
0
1000010101000010
0
1001001111000000
5
1000101111000000
0
1000101111000000
3
1000101010000000
6
0100101010000000
2
0100100010000000
7
0100100110000000
3
0100100010000011
0
0100100010011000
7
0100100110011010
3
0100100010011010
7
0100100110011001
5
0101000110011011
1
0101000011001010
7
0101000111001010
5
0100100111001010
3
0100100010001010
7
0100100110011000
5
0101000110011000
1
0101000011001010
7
0101000111001010
5
0100100111001011
3
0100100010001010
7
0100100110011000
5
0101000110011000
1
0101000011001000
7
0101000111001000
5
0100100111001000
3
0100100010001000
8
0100101010001000
6
0010101010001000
4
0010100000000010
7
0010100100010000
5
0011000100010010
8
0011001100000011
6
0101001100000011
2
0101000110000011
8
0101001110001011
2
0101000110001011
0
0101000011001010
0
1001001111000000
6
0101001111000001
5
0100101111000011
4
0100100101000011
1
0100100001100011
0
0100100001100100
0
0100100001100100
0
0100100001100101
8
0100101001100101
6
1000101001100100
2
1000100011000110
8
1000101011000110
6
0100101011000110
4
0100100001000110
8
0100101001100100
6
1000101001100100
2
1000100011000100
8
1000101011000110
6
0100101011000110
4
0100100001000110
7
0100100101100100
5
0100010101100100
3
0100010000100000
7
0100010100100000
5
0100100100100000
8
0100101100100010
4
0100100100100010
8
0100101100100000
6
1000101100100000
2
1000100110000010
3
1000100010000010
7
1000100110010001
5
1001000110010001
8
1001001110000001
6
0101001110000011
2
0101000100000011
8
0101001100100001
6
1001001100100011
0
1001001100000011
0
1001001000000011
0
1001001111000000
6
0101001111000010
4
0101000101000010
5
0100100101100010
1
0100100001100011
8
0100101001100100
4
0100100001100101
8
0100101001100101
6
1000101001100100
2
1000100011000110
8
1000101011000111
6
0100101011000111
4
0100100001000111
8
0100101001100100
6
1000101001100100
2
1000100011000100
8
1000101011000100
6
0100101011000110
4
0100100001000110
8
0100101001100111
4
0100100001100110
8
0100101001100100
6
1000101001100110
2
1000100011000110
8
1000101011000110
6
0100101011000111
4
0100100001000111
0
0100100001100100
0
0100100001100100
7
0100101001100101
6
1000101001100100
7
1000101101000100
5
1000011101000100
2
1000011000000000
7
1000011100000000
5
1000101100000000
1
1000101001000000
0
1000100011000011
0
1000100011000110
0
1000100111000110
0
1001001111000000
6
0101001111000000
5
0100101111000000
4
0100100101000010
1
0100100001100001
0
0100100001100101
7
0100100101100100
5
0100010101100101
3
0100010000100011
7
0100010100100001
5
0100100100100011
1
0100100001100011
0
0100100001100100
8
0100101001100111
4
0100100001100110
0
0100100001100100
7
0100100101100111
1
0100100001100101
7
0100100101100110
5
0100010101100100
3
0100010000100000
7
0100010100100000
5
0100100100100001
1
0100100001100001
8
0100101001100110
4
0100100001100110
8
0100101001100100
6
1000101001100111
7
1000101101000110
5
1000011101000110
2
1000010111000010
8
1000011111000010
6
0100011111000011
2
0100010101000011
8
0100011101100001
6
1000011101100001
0
1000011001000001
0
1000010011000001
0
1000010011000001
0
1000010111000011
0
1001001111000000
6
0101001111000000
5
0100101111000001
2
0100100111000001
3
0100100010001001
8
0100101010001000
6
0010101010001001
7
0010101110000001
1
0010101011000001
4
0010100001000100
8
0010101001000101
0
0010101001000100
6
0100101001000101
4
0100100001000100
7
0100100101000110
5
0100010101100100
3
0100010000100000
7
0100010100100000
5
0100100100100000
1
0100100001100000
8
0100101001100000
6
1000101001100000
3
1000101000000001
1
1000101001000001
2
1000100011000100
8
1000101011000100
6
0100101011000100
6
0010101011000110
7
0010101111000110
5
0010011111000110
3
0010011010000010
7
0010011110000010
5
0010101110000010
3
0010101010000010
7
0010101110010000
5
0011001110010000
0
0011001010000001
0
0011000000000001
0
0011000010000011
0
0011000110000011
0
1001001111000000
0
1001001111000010
6
0101001111000011
5
0100101111000011
4
0100100101000011
0
0100100101100001
1
0100100001100001
0
0100100001100101
0
0100100001100100
7
0100100101100101
1
0100100001100101
0
0100100001100100
0
0100100001100110
7
0100100101100100
5
0100010101100100
1
0100010001100000
3
0100010000100000
7
0100010100100010
5
0100100100100010
1
0100100001100000
8
0100101001100000
6
1000101001100010
3
1000101000000010
2
1000100010010000
8
1000101010010010
6
0100101010010010
7
0100101110010000
5
0101001110010000
1
0101001011000000
7
0101001111000001
2
0101000111000001
8
0101001111001000
6
0011001111001000
5
0010101111000000
1
0010101011000011
7
0010101111000110
5
0010011111000110
0
0010011010000010
0
0010010000000010
0
0010011000000010
0
