100110000
3
010110000
1
010010000
4
010110000
2
010000000
0
010000000
0
010000000
0
010000000
0
010000000
0
010000000
0
010000000
4
010100000
2
010000010
4
010101000
3
100101000
1
100010000
4
100110010
3
010110010
2
010000010
4
010101000
3
100101000
1
100010000
4
100110000
3
010110010
2
010000010
4
010101000
3
100101000
1
100010000
4
100110000
3
010110000
1
010010000
0
010010000
0
010010001
4
010110100
3
001110100
2
001000000
4
001100000
3
010100000
1
010000000
0
010100010
0
100110000
1
100010010
4
100110010
3
010110011
1
010010011
4
010110110
3
001110110
2
001000010
4
001100011
3
010100011
1
010010011
4
010110110
3
001110110
2
001000011
4
001100011
3
010100011
1
010010011
4
010110110
3
001110111
2
001000011
4
001100011
3
010100011
1
010010011
4
010110110
3
001110110
2
001000010
4
001100010
3
010100010
2
010000010
4
010101000
3
100101001
1
100010001
4
100110001
3
010110001
1
010010011
4
010110110
3
001110110
0
001010010
0
001110010
0
001110010
0
100110000
3
010110000
2
010000000
4
010100000
0
010100000
2
010000010
4
010101011
2
010001011
4
010101001
3
100101011
1
100010011
4
100110011
3
010110011
2
010000011
4
010101011
2
010001011
4
010101001
3
100101001
1
100010001
4
100110001
3
010110001
1
010010001
4
010110100
3
001110101
2
001000001
4
001100001
3
010100001
1
010010001
4
010110100
3
001110101
2
001000001
4
001100001
3
010100001
1
010010001
4
010110100
3
001110100
0
001110000
0
001110010
0
001000010
0
001000010
0
100110000
3
010110000
1
010010000
4
010110010
2
010000010
4
010101000
3
100101000
1
100010000
4
100110000
3
010110001
1
010010001
0
010010100
0
010010100
4
010110110
3
001110110
2
001000010
4
001100010
3
010100010
2
010000010
4
010101000
3
100101000
1
100010000
4
100110000
3
010110000
1
010010000
2
010000000
0
010010000
0
010000001
1
010010001
4
010110100
3
001110100
2
001000000
4
001100000
3
010100010
2
010000010
4
010101000
3
100101000
0
100100000
0
100000000
0
100000001
0
100110000
3
010110000
1
010010000
4
010110000
1
010010000
0
010010000
0
010010001
4
010110100
3
001110101
2
001000011
4
001100011
3
010100011
2
010000011
4
010101011
2
010001011
4
010101001
3
100101001
1
100010001
4
100110011
3
010110011
1
010010011
4
010110110
3
001110110
2
001000010
4
001100010
3
010100010
2
010000011
4
010101001
3
100101001
1
100010001
4
100110001
3
010110001
1
010010001
4
010110100
3
001110110
2
001000010
4
001100010
3
010100010
2
010000010
0
010001000
0
100110000
3
010110010
2
010000010
4
010101000
0
010101000
3
100101000
1
100010000
4
100110000
3
010110000
1
010010000
2
010000000
1
010010001
4
010110111
1
010010111
4
010110110
3
001110110
2
001000010
4
001100010
3
010100010
2
010000011
4
010101001
3
100101001
1
100010001
4
100110001
3
010110001
1
010010001
4
010110100
3
001110100
2
001000000
4
001100000
3
010100010
2
010000010
4
010101000
3
100101000
1
100010001
4
100110011
3
010110011
1
010000011
0
010001011
0
010001001
0
100110000
3
010110000
0
010110000
0
010110000
0
010110000
2
010000000
1
010010000
2
010000001
4
010100001
1
010010001
4
010110101
1
010010101
4
010110100
3
001110100
2
001000001
4
001100001
3
010100001
1
010010001
4
010110110
3
001110110
2
001000010
4
001100011
3
010100011
1
010000011
4
010101001
3
100101001
1
100010001
4
100110001
3
010110001
1
010010001
4
010110100
3
001110100
2
001000010
4
001100010
3
010100010
2
010000011
4
010101001
3
100101011
0
100000011
0
100000011
0
100110000
3
010110000
2
010000000
1
010010000
2
010000000
1
010010000
2
010000000
1
010010010
2
010000010
4
010101000
3
100101000
1
100010000
0
100010001
4
100110001
3
010110001
1
010010001
4
010110100
3
001110100
2
001000000
4
001100000
3
010100000
1
010000001
1
010010001
4
010110101
1
010010101
4
010110100
3
001110100
2
001000000
4
001100000
3
010100000
1
010000001
1
010010001
4
010110100
3
001110100
2
001000001
4
001100001
3
010100001
1
010010001
0
010010100
0
010010101
0
100110000
3
010110000
0
010110011
2
010000011
0
010001001
4
010101001
3
100101001
1
100010001
4
100110001
3
010110001
1
010010001
4
010110100
3
001110100
2
001000000
4
001100000
3
010100010
2
010000010
4
010101000
3
100101010
1
100010010
4
100110010
3
010110010
2
010000010
4
010101000
3
100101000
1
100010000
4
100110000
3
010110000
1
010000000
0
010010001
4
010110100
3
001110100
2
001000000
4
001100000
3
010100010
2
010000010
4
010101000
3
100101011
0
100010011
0
100010011
0
100110000
3
010110000
1
010010000
0
010010000
2
010000000
1
010010000
0
010010000
2
010000000
4
010100010
2
010000010
4
010101000
3
100101000
1
100010001
4
100110001
3
010110001
1
010010001
4
010110101
1
010010101
4
010110100
3
001110111
2
001000011
4
001100011
3
010100011
1
010010011
4
010110111
1
010010111
4
010110110
3
001110111
2
001000011
4
001100011
3
010100011
1
010010011
4
010110110
3
001110110
2
001000010
4
001100011
3
010100011
1
010010011
0
010010110
0
010110110
0
100110000
3
010110010
2
010000011
0
010001001
0
010001001
4
010101001
3
100101001
1
100010001
4
100110001
3
010110001
1
010010011
4
010110110
3
001110110
2
001000010
4
001100010
3
010100010
2
010000010
4
010101000
3
100101000
1
100010000
4
100110001
3
010110001
1
010010001
4
010110100
3
001110100
2
001000001
4
001100001
3
010100001
1
010010001
4
010110100
3
001110101
2
001000001
4
001100011
3
010100011
1
010000011
4
010101001
3
100101001
0
100000001
0
100000001
0
100000001
0
100110000
3
010110001
1
010010011
4
010110110
3
001110110
2
001000010
4
001100011
3
010100011
1
010000011
4
010101001
3
100101001
1
100010011
4
100110011
3
010110011
1
010010011
4
010110111
1
010010111
4
010110110
3
001110110
2
001000011
4
001100011
3
010100011
1
010000011
4
010101001
3
100101001
1
100010001
4
100110001
3
010110001
1
010010001
4
010110100
3
001110100
2
001000000
4
001100000
3
010100000
1
010000010
4
010101010
2
010001010
4
010101001
3
100101001
0
100010001
0
100110000
3
010110000
1
010010000
0
010000000
0
010010000
0
010010000
0
010000000
0
010000000
0
010000000
0
010010000
0
010000001
1
010010001
4
010110100
3
001110110
2
001000011
4
001100011
3
010100011
1
010010011
4
010110110
3
001110110
2
001000010
4
001100011
3
010100011
1
010000011
4
010101001
3
100101001
1
100010001
4
100110011
3
010110011
1
010000011
4
010101001
3
100101001
1
100010001
4
100110011
3
010110011
1
010010011
4
010110110
3
001110110
0
001000010
0
001010010
0
100110000
3
010110000
1
010010000
0
010000010
4
010101010
2
010001010
4
010101000
3
100101000
1
100010000
4
100110010
3
010110011
1
010000011
4
010101001
3
100101001
1
100010011
4
100110011
3
010110011
1
010010011
4
010110110
3
001110110
2
001000010
4
001100010
3
010100010
2
010000010
4
010101000
3
100101001
1
100010001
4
100110001
3
010110001
1
010010011
4
010110110
3
001110110
2
001000010
4
001100010
3
010100011
1
010000011
4
010101001
3
100101001
0
100010001
0
100110001
0
100110000
3
010110000
1
010000000
0
010010000
0
010010000
0
010010000
0
010010000
0
010000000
0
010010000
0
010010000
0
010000000
0
010010001
4
010110100
3
001110100
2
001000000
4
001100000
3
010100010
2
010000010
4
010101000
3
100101001
1
100010011
4
100110011
3
010110011
1
010010011
4
010110110
3
001110110
2
001000010
4
001100011
3
010100011
1
010010011
4
010110110
3
001110110
2
001000010
4
001100011
3
010100011
1
010010011
4
010110110
3
001110110
0
001000010
0
001010010
0
100110000
3
010110001
1
010010001
4
010110100
3
001110101
2
001000001
4
001100001
3
010100001
1
010010001
4
010110100
3
001110100
2
001000011
4
001100011
3
010100011
1
010010011
4
010110110
3
001110111
2
001000011
4
001100011
3
010100011
1
010000011
4
010101001
3
100101001
1
100010001
4
100110001
3
010110001
1
010010001
4
010110100
3
001110100
2
001000000
4
001100000
3
010100000
1
010010000
0
010000000
0
010000000
0
010000000
0
010000000
0
010000000
0
010010000
0
010110000
0
100110000
3
010110001
1
010010001
4
010110101
1
010010101
4
010110101
1
010010101
4
010110100
3
001110100
2
001000000
4
001100001
3
010100001
1
010010001
4
010110100
3
001110111
2
001000011
4
001100011
3
010100011
1
010000011
4
010101011
2
010001011
4
010101011
2
010001011
4
010101001
3
100101001
1
100010011
4
100110011
3
010110011
1
010000011
4
010101011
2
010001011
4
010101001
3
100101001
1
100010011
4
100110011
3
010110011
1
010000011
4
010101001
3
100101011
0
100100011
0
100110000
3
010110000
1
010010000
0
010000010
4
010101010
2
010001010
4
010101000
3
100101010
1
100010010
4
100110010
3
010110010
2
010000010
4
010101000
3
100101000
1
100010000
4
100110000
3
010110000
1
010010001
4
010110100
3
001110101
2
001000001
4
001100001
3
010100001
1
010010011
4
010110111
1
010010111
4
010110110
3
001110110
2
001000010
4
001100010
3
010100010
2
010000010
4
010101000
3
100101000
1
100010000
4
100110000
3
010110010
2
010000010
0
010001000
0
010101000
0
100110000
3
010110000
1
010010000
0
010000010
4
010101001
3
100101001
1
100010001
4
100110001
3
010110001
1
010010001
4
010110100
3
001110100
2
001000001
4
001100001
3
010100001
1
010010001
4
010110100
3
001110100
2
001000000
4
001100000
3
010100011
1
010000011
4
010101001
3
100101001
1
100010001
4
100110001
3
010110001
1
010010001
4
010110110
3
001110110
2
001000010
4
001100010
3
010100010
2
010000010
4
010101010
2
010001010
4
010101010
2
010001010
0
010001000
0
010101000
0
100110000
3
010110010
2
010000010
4
010101000
3
100101000
1
100010000
4
100110010
3
010110010
2
010000010
4
010101000
3
100101010
1
100010010
4
100110010
3
010110010
2
010000010
4
010101000
3
100101000
1
100010000
4
100110000
3
010110000
1
010010011
4
010110110
3
001110110
2
001000010
4
001100011
3
010100011
1
010010011
4
010110111
1
010010111
4
010110110
3
001110110
2
001000010
4
001100010
3
010100010
2
010000010
4
010101000
3
100101000
0
100000000
0
100100000
0
100100000
0
100110000
3
010110000
1
010010010
2
010000011
4
010101001
3
100101001
1
100010001
4
100110011
3
010110011
1
010000011
4
010101001
3
100101001
1
100010001
4
100110001
3
010110001
1
010010001
4
010110100
3
001110100
2
001000000
4
001100000
3
010100001
1
010010001
4
010110100
3
001110101
2
001000001
4
001100001
3
010100001
1
010010001
4
010110100
3
001110100
2
001000000
4
001100000
3
010100000
1
010010000
0
010000000
0
010000000
0
010000000
0
010000000
0
010010000
0
010000000
0
100110000
3
010110000
1
010000000
0
010000010
4
010101001
3
100101001
1
100010001
4
100110011
3
010110011
1
010010011
4
010110110
3
001110110
2
001000011
4
001100011
3
010100011
1
010000011
4
010101011
2
010001011
4
010101001
3
100101001
1
100010001
4
100110001
3
010110001
1
010010001
4
010110110
3
001110110
2
001000010
4
001100010
3
010100010
2
010000010
4
010101000
3
100101000
1
100010000
4
100110000
3
010110000
1
010010010
2
010000010
4
010101011
2
010001011
0
010001011
0
100110000
3
010110000
1
010000000
0
010010000
0
010010000
0
010000000
0
010000001
1
010010001
4
010110100
3
001110100
2
001000000
4
001100010
3
010100010
2
010000010
4
010101000
3
100101000
1
100010000
4
100110000
3
010110000
1
010000000
0
010000001
1
010010001
4
010110100
3
001110101
2
001000011
4
001100011
3
010100011
1
010000011
4
010101001
3
100101011
1
100010011
4
100110011
3
010110011
1
010000011
4
010101001
3
100101001
0
100100001
0
100100001
0
100000001
0
100000001
0
100110000
3
010110000
1
010010001
4
010110100
3
001110100
2
001000000
4
001100000
3
010100000
1
010000000
0
010010000
0
010000000
0
010000000
0
010000000
0
010010000
0
010000000
0
010010001
4
010110100
3
001110100
2
001000000
4
001100000
3
010100001
1
010010011
4
010110111
1
010010111
4
010110110
3
001110110
2
001000010
4
001100010
3
010100010
2
010000010
4
010101000
3
100101000
1
100010001
4
100110001
3
010110001
1
010010001
4
010110100
3
001110100
0
001110000
0
001110010
0
100110000
3
010110001
1
010010001
4
010110100
3
001110100
2
001000000
4
001100010
3
010100010
2
010000010
4
010101000
3
100101001
1
100010001
4
100110001
3
010110001
1
010010001
4
010110100
3
001110100
2
001000000
4
001100010
3
010100010
2
010000011
4
010101001
3
100101001
1
100010001
4
100110011
3
010110011
1
010010011
4
010110110
3
001110110
2
001000010
4
001100010
3
010100010
2
010000010
4
010101000
3
100101000
1
100010000
4
100110000
3
010110000
1
010010000
0
010010001
0
100110000
3
010110000
1
010010000
0
010000000
0
010010000
0
010010000
0
010010010
2
010000010
4
010101000
3
100101000
1
100010001
4
100110001
3
010110001
1
010010001
4
010110100
3
001110100
2
001000000
4
001100000
3
010100000
1
010010000
0
010010000
0
010000000
0
010010000
0
010000001
1
010010001
4
010110100
3
001110100
2
001000000
4
001100011
3
010100011
1
010010011
4
010110110
3
001110110
2
001000010
4
001100010
3
010100010
2
010000010
4
010101000
3
100101010
0
100000010
0
100110000
3
010110000
1
010000000
0
010000010
4
010101000
3
100101000
1
100010000
4
100110000
3
010110000
1
010010010
2
010000010
4
010101000
3
100101010
1
100010010
4
100110010
3
010110010
2
010000010
4
010101001
3
100101011
1
100010011
4
100110011
3
010110011
1
010000011
4
010101001
3
100101001
1
100010001
4
100110011
3
010110011
1
010010011
4
010110110
3
001110110
2
001000010
4
001100010
3
010100010
2
010000011
4
010101001
3
100101001
0
100000001
0
100010001
0
100010011
0
100110000
3
010110000
1
010000010
4
010101000
3
100101000
1
100010000
4
100110000
3
010110000
1
010010000
0
010010001
4
010110100
3
001110100
2
001000000
4
001100001
3
010100001
1
010010001
4
010110100
3
001110100
2
001000000
4
001100000
3
010100000
1
010000001
1
010010001
4
010110100
3
001110100
2
001000010
4
001100010
3
010100010
2
010000010
4
010101000
3
100101010
1
100010010
4
100110010
3
010110010
2
010000010
4
010101000
3
100101000
0
100000001
0
100100011
0
100010011
0
100110000
3
010110000
1
010000000
0
010010010
2
010000010
4
010101000
3
100101000
1
100010010
4
100110010
3
010110010
2
010000010
4
010101000
3
100101000
1
100010000
4
100110001
3
010110011
1
010010011
4
010110111
1
010010111
4
010110110
3
001110110
2
001000010
4
001100010
3
010100010
2
010000010
4
010101000
3
100101000
1
100010000
4
100110000
3
010110000
1
010010000
0
010000000
0
010000000
0
010010001
4
010110110
3
001110110
0
001000010
0
001010010
0
001010010
0
001110010
0
100110000
3
010110000
1
010010000
0
010000000
0
010010000
0
010000000
0
010000000
0
010010000
0
010000000
0
010010001
4
010110100
3
001110111
2
001000011
4
001100011
3
010100011
1
010010011
4
010110110
3
001110110
2
001000010
4
001100010
3
010100010
2
010000010
4
010101000
3
100101000
1
100010001
4
100110011
3
010110011
1
010000011
4
010101001
3
100101001
1
100010001
4
100110001
3
010110001
1
010010001
4
010110100
3
001110100
0
001000000
0
001100000
0
010100010
0
100100011
0
