100001000011110000000000
6
010001000011110000000001
6
001001000011110000010001
6
000101000011110000010001
2
000101000001110000010011
5
000100100001110010010010
8
000100100011110010010010
6
000010100011110010010010
5
000010010011110000011010
5
000010001011110000011011
3
000010001010100000011011
7
000010001011100100110011
5
000010010011100100110011
3
000010010010100100110011
7
000010010011100100100011
5
000010100011100100100011
3
000010100010100100100011
7
000010100011100100000011
5
000011000011100100000011
4
000011000001000000000011
8
000011000011000000000011
6
000101000011000000000011
2
000101000001100000000011
8
000101000011100010000010
6
000011000011100010000010
1
000011000010110000000010
7
000011000011110000000010
5
000010100011110000000010
5
000010010011110000000010
1
000010010010110000000010
7
000010010011110001000100
5
000010001011110001000100
5
000010000111110001010100
4
000010000101010000010110
8
000010000111010000010110
6
000100000111010000010110
6
001000000111010000011110
2
001000000101110000011110
0
001000000101110010011100
0
001000000111110010011110
0
100001000011110000000000
6
010001000011110000000000
6
001001000011110000000000
5
001000100011110000000000
3
001000100010100000000000
6
000100100010100000000000
7
000100100011100000011000
4
000100100001000000011000
8
000100100011001000010000
6
001000100011001000010000
4
001000100001001000010000
8
001000100011001000000000
6
010000100011001000000000
6
100000100011001000000000
0
100000100011000000010000
2
100000100001100000011000
8
100000100011100000011000
6
010000100011100000011000
6
001000100011100000011000
6
000100100011100000011000
4
000100100001000000011010
8
000100100011001000010110
6
001000100011001000010110
4
001000100001001000010110
1
001000100000011000000110
7
001000100001011001000010
5
001000010001011001000010
1
001000010000011001000011
7
001000010001011001000001
5
001000001001011001000001
1
001000001000011001000001
7
001000001001011001000000
5
001000000101011001000001
8
001000000111011000000001
6
010000000111011000000001
6
100000000111011000000001
3
100000000110000000000001
0
100000000100000000000001
0
100000000110000000000001
0
100000000111000000000101
0
100001000011110000000000
6
010001000011110000000000
5
010000100011110000000000
6
001000100011110000000000
3
001000100010100000000000
0
001000100010100000001000
6
000100100010100000001010
4
000100100000000000101010
7
000100100001001100010010
5
000101000001001100010010
8
000101000011001000010010
6
001001000011001000010010
4
001001000001001000010010
8
001001000011001000100010
6
010001000011001000100011
4
010001000001001000100011
8
010001000011001000000011
6
100001000011001000000011
1
100001000010010000001011
7
100001000011010000001011
5
100000100011010000001011
5
100000010011010000001011
1
100000010010010000001111
7
100000010011010001001101
5
100000001011010001001101
1
100000001010010001001111
7
100000001011010001001110
5
100000000111010001001110
2
100000000101110000001110
8
100000000111110000001110
6
010000000111110000001110
2
010000000101110000001110
8
010000000111110010001010
6
001000000111110010001010
2
001000000101110010101010
8
001000000111110010101010
2
001000000101110010101010
0
001000000101110010101000
0
001000000100100010111000
0
001000000101100010111010
0
100001000011110000000000
0
100001000011110000100000
6
010001000011110000101000
4
010001000001010000101001
8
010001000011011000001001
6
100001000011011000001001
5
100000100011010000001001
5
100000010011010000001001
5
100000001011010000101001
3
100000001010000000101001
7
100000001011000100100001
5
100000010011000100100001
5
100000100011000100100001
3
100000100010000100100001
7
100000100011000100000001
5
100001000011000100000001
2
100001000001100000000001
8
100001000011100000000001
6
010001000011100000000001
6
001001000011100000010001
4
001001000001000000010101
8
001001000011001000000101
6
010001000011001000000101
6
100001000011001000000101
1
100001000010010000000101
7
100001000011010000000111
5
100000100011010000000111
1
100000100010010000000111
7
100000100011010001100011
5
100000010011010001100011
1
100000010010010001100111
7
100000010011010001100101
5
100000001011010001100101
1
100000001010010001100101
7
100000001011010001100100
5
100000000111010001100100
0
100000000101010000110100
0
100000000100010000110100
0
100000000101010000110100
0
100000000101010000110100
0
100001000011110000000000
6
010001000011110000000100
2
010001000001110000010100
8
010001000011110010010000
6
001001000011110010010000
6
000101000011110010010001
2
000101000001110010010001
8
000101000011110010011000
6
000011000011110010011000
5
000010100011110000011000
5
000010010011110000011000
5
000010001011110000011000
3
000010001010100000011000
7
000010001011100100110000
5
000010010011100100110000
3
000010010010100100110000
7
000010010011100100100000
5
000010100011100100100000
3
000010100010100100100100
7
000010100011100100100110
3
000010100010100100101110
7
000010100011100100001110
5
000011000011100100001110
1
000011000010110000001110
7
000011000011110000001110
5
000010100011110000001110
1
000010100010110000001110
7
000010100011110001001010
5
000010010011110001001010
1
000010010010110001001010
7
000010010011110001001000
5
000010001011110001001000
5
000010000111110001001000
4
000010000101010000011000
8
000010000111010000011000
6
000100000111010000011000
4
000100000101010000011000
0
000100000100011000111000
0
000100000101011000110001
0
000100000100001000110001
0
100001000011110000000000
5
100000100011110000000000
5
100000010011110000010000
3
100000010010100000010000
7
100000010011100100000000
5
100000100011100100000000
5
100001000011100100000000
6
010001000011100000000000
1
010001000010110000000000
7
010001000011110000000000
6
001001000011110000000000
4
001001000001010000000010
2
001001000001110000000010
8
001001000011110010000000
6
000101000011110010000010
6
000011000011110010011010
5
000010100011110000011010
5
000010010011110000011010
5
000010001011110000011010
3
000010001010100000011010
7
000010001011100100010010
5
000010010011100100011010
3
000010010010100100011010
7
000010010011100100001010
5
000010100011100100001010
5
000011000011100100001010
4
000011000001000000001011
8
000011000011000000001011
6
000101000011000000001011
2
000101000001100000001011
8
000101000011100010001010
6
000011000011100010001010
4
000011000001000000001010
8
000011000011000000001010
6
000101000011000000001010
4
000101000001000000001010
1
000101000000011000000010
0
000101000000011000000010
0
000101000000001000000010
0
000101000001001000000010
0
100001000011110000000000
6
010001000011110000100000
5
010000100011110000100000
3
010000100010100000100000
7
010000100011100100000000
5
010001000011100100010000
6
001001000011100000010010
2
001001000001100000010010
8
001001000011100010010000
6
000101000011100010010010
6
000011000011100010010010
4
000011000001000000010010
8
000011000011000000010010
6
000101000011000000010010
6
001001000011000000010010
2
001001000001100000010011
8
001001000011100010010001
6
000101000011100010010001
2
000101000001100010010001
8
000101000011100010010000
6
000011000011100010010000
4
000011000001000000010000
8
000011000011000000010000
6
000101000011000000010000
6
001001000011000000010000
4
001001000001000000010000
8
001001000011001000000000
6
010001000011001000000001
6
100001000011001000000001
2
100001000001100000010001
8
100001000011100000010001
6
010001000011100000010001
6
001001000011100000010001
4
001001000001000000010001
8
001001000011001000000001
6
010001000011001000000001
6
100001000011001000000001
0
100001000010010000001011
0
100001000000110000001011
0
100001000000100000001011
0
100001000011110000000000
6
010001000011110000000000
3
010001000010100000000000
6
001001000010100000000000
1
001001000010110000000000
7
001001000011110000000000
5
001000100011110000000000
3
001000100010100000000000
2
001000100000100000000010
8
001000100010100010000000
6
000100100010100010000000
6
000010100010100010000000
4
000010100000000000000010
8
000010100010000000000010
6
000100100010000000000010
6
001000100010000000010110
1
001000100010010000010110
7
001000100011010001010010
5
001000010011010001010010
1
001000010010010001010010
4
001000010000010001010000
7
001000010001011001000000
5
001000001001011001000000
5
001000000101011001000100
8
001000000111011000000100
6
010000000111011000000100
6
100000000111011000000100
2
100000000101110000000100
8
100000000111110000000100
6
010000000111110000000100
2
010000000101110000000100
8
010000000111110010000000
6
001000000111110010000001
6
000100000111110010110011
2
000100000101110010110011
8
000100000111110010110010
6
000010000111110010110010
0
000010000110100000110010
0
000010000111100000110010
0
000010000110100000110010
0
100001000011110000000000
6
010001000011110000000000
5
010000100011110000000010
5
010000010011110000000010
1
010000010010110000011010
7
010000010011110001011000
6
001000010011110001011000
4
001000010001010001011000
5
001000001001011001001000
5
001000000101011001001010
8
001000000111011000001010
6
010000000111011000001010
6
100000000111011000001010
3
100000000110000000001010
7
100000000111000000001010
5
100000001011000000101110
3
100000001010000000101110
7
100000001011000100100110
5
100000010011000100100110
5
100000100011000100110110
3
100000100010000100110110
7
100000100011000100010110
5
100001000011000100010110
1
100001000010010000010110
7
100001000011010000010110
5
100000100011010000010110
1
100000100010010000010110
7
100000100011010001010010
5
100000010011010001010010
1
100000010010010001010010
7
100000010011010001010000
5
100000001011010001010000
5
100000000111010001010000
3
100000000110000000010000
7
100000000111000000010000
4
100000000101000000010000
5
100000001001000000010000
5
100000010001000000010001
3
100000010000000000010001
0
100000010001000100010001
0
100001000011110000000000
5
100000100011110000001010
5
100000010011110000001010
1
100000010010110000001010
7
100000010011110001001000
5
100000001011110001001000
5
100000000111110001011001
6
010000000111110000011001
6
001000000111110000011001
6
000100000111110000011001
4
000100000101010000011001
8
000100000111011000010001
6
001000000111011000010001
4
001000000101011000010001
8
001000000111011000000001
6
010000000111011000000001
6
100000000111011000000001
3
100000000110000000000001
7
100000000111000000000001
5
100000001011000000000001
1
100000001010010000000001
7
100000001011010001000000
5
100000000111010001000000
3
100000000110000000000000
7
100000000111000000000000
5
100000001011000000000010
5
100000010011000000000010
4
100000010001000000000010
1
100000010000010000001010
7
100000010001010001001000
5
100000001001010001011000
5
100000000101010001011000
3
100000000100000000011000
7
100000000101000000011000
5
100000001001000000011000
3
100000001000000000011000
7
100000001001000100011000
3
100000001000000100011000
0
100000001010000100010000
0
100000001010000100010000
0
100001000011110000000000
6
010001000011110000000000
5
010000100011110000000110
1
010000100010110000000110
7
010000100011110001000010
5
010000010011110001000010
1
010000010010110001100010
4
010000010000010001110000
8
010000010010011001010000
6
100000010010011001010000
7
100000010011010001010000
5
100000001011010001010000
5
100000000111010001010000
3
100000000110000000010000
7
100000000111000000010001
5
100000001011000000010001
1
100000001010010000010001
7
100000001011010001010000
5
100000000111010001010000
3
100000000110000000110000
7
100000000111000000110000
5
100000001011000000110000
5
100000010011000000110000
3
100000010010000000110000
7
100000010011000100100000
5
100000100011000100100000
3
100000100010000100100000
7
100000100011000100000010
5
100001000011000100000010
1
100001000010010000000110
7
100001000011010000000110
5
100000100011010000100110
3
100000100010000000100110
7
100000100011000100000110
5
100001000011000100000110
2
100001000001100000000110
8
100001000011100000000110
6
010001000011100000001110
2
010001000001100000001110
0
010001000011100010001010
0
100001000011110000000000
6
010001000011110000100000
4
010001000001010000100000
8
010001000011011000000000
6
100001000011011000000000
5
100000100011010000000000
5
100000010011010000100000
2
100000010001110000100000
8
100000010011110000100000
6
010000010011110000100100
4
010000010001010000100100
8
010000010011011000000100
6
100000010011011000000101
5
100000001011010000000101
1
100000001010010000000101
7
100000001011010001000100
5
100000000111010001000100
2
100000000101110000000100
8
100000000111110000000110
6
010000000111110000000110
2
010000000101110000110110
8
010000000111110010110010
6
001000000111110010110010
2
001000000101110010110010
8
001000000111110010110000
6
000100000111110010110000
6
000010000111110010110000
4
000010000101010000110010
8
000010000111010000110010
6
000100000111010000110010
6
001000000111010000110010
4
001000000101010000110010
8
001000000111011000100110
6
010000000111011000100110
4
010000000101011000100110
8
010000000111011000000110
6
100000000111011000000110
0
100000000101010000000110
0
100000000100000000010110
0
100000000110000000010110
0
100001000011110000000000
2
100001000001110000000000
5
100000100001110000000000
8
100000100011110000000000
6
010000100011110000000000
6
001000100011110000000001
6
000100100011110000000101
2
000100100001110000001101
8
000100100011110010001100
6
000010100011110010001100
1
000010100010110000001100
7
000010100011110001001000
5
000010010011110001001000
5
000010001011110001001000
5
000010000111110001001000
3
000010000110100000001000
7
000010000111100000001000
5
000010001011100000001000
3
000010001010100000001000
7
000010001011100100000000
5
000010010011100100000000
5
000010100011100100000000
5
000011000011100100000000
4
000011000001000000011000
8
000011000011000000011000
6
000101000011000000011000
4
000101000001000000011000
8
000101000011001000010000
6
001001000011001000010000
4
001001000001001000010010
8
001001000011001000000010
6
010001000011001000011010
6
100001000011001000011010
1
100001000010010000011010
7
100001000011010000011010
5
100000100011010000011010
5
100000010011010000011010
1
100000010010010000011010
0
100000010000010001011000
0
100000010000110001011000
0
100001000011110000000000
5
100000100011110000100000
3
100000100010100000100000
7
100000100011100100001000
5
100001000011100100001000
6
010001000011100000001000
6
001001000011100000001000
6
000101000011100000101000
4
000101000001000000101000
8
000101000011001000100000
6
001001000011001000100001
6
010001000011001000100001
4
010001000001001000100011
8
010001000011001000000011
6
100001000011001000000011
1
100001000010010000000011
7
100001000011010000000011
5
100000100011010000000011
5
100000010011010000000011
1
100000010010010000000011
7
100000010011010001000001
5
100000001011010001000001
1
100000001010010001000001
7
100000001011010001000000
5
100000000111010001110000
2
100000000101110000110000
8
100000000111110000110100
6
010000000111110000110100
4
010000000101010000110100
8
010000000111011000010100
6
100000000111011000010100
2
100000000101110000010100
8
100000000111110000010100
6
010000000111110000010101
2
010000000101110000010101
8
010000000111110010010001
6
001000000111110010011101
6
000100000111110010011101
2
000100000101110010011101
0
000100000100110010011100
0
100001000011110000000000
6
010001000011110000000000
0
010001000011110000000000
6
001001000011110000000000
5
001000100011110000000010
2
001000100001110000000010
8
001000100011110010000010
2
001000100001110010000010
3
001000100000100010000000
8
001000100010100010000000
6
000100100010100010000000
6
000010100010100010000100
1
000010100010110000010110
7
000010100011110001010010
5
000010010011110001010010
1
000010010010110001010010
7
000010010011110001011000
5
000010001011110001011100
5
000010000111110001011100
3
000010000110100000011100
7
000010000111100000011100
5
000010001011100000011100
3
000010001010100000011100
7
000010001011100100010110
5
000010010011100100010110
3
000010010010100100010110
7
000010010011100100000110
5
000010100011100100000110
5
000011000011100100000110
1
000011000010110000000110
7
000011000011110000000110
5
000010100011110000000110
1
000010100010110000000110
7
000010100011110001000010
5
000010010011110001010010
1
000010010010110001010010
7
000010010011110001010000
5
000010001011110001010000
5
000010000111110001010000
0
000010000110110000010000
0
100001000011110000000000
5
100000100011110000000000
5
100000010011110000000000
6
010000010011110000000001
5
010000001011110000000001
1
010000001010110000000001
7
010000001011110001000100
5
010000000111110001000110
2
010000000101110000000111
8
010000000111110010000011
6
001000000111110010000011
2
001000000101110010010011
8
001000000111110010010001
6
000100000111110010010001
2
000100000101110010010001
8
000100000111110010010000
6
000010000111110010010000
3
000010000110100000010000
7
000010000111100000110000
5
000010001011100000110000
5
000010010011100000110000
3
000010010010100000110000
7
000010010011100100110010
3
000010010010100100110010
7
000010010011100100100010
5
000010100011100100101110
3
000010100010100100101110
7
000010100011100100001110
5
000011000011100100001110
1
000011000010110000001110
7
000011000011110000001110
5
000010100011110000001110
1
000010100010110000001110
7
000010100011110001001010
5
000010010011110001001010
1
000010010010110001001010
7
000010010011110001001000
5
000010001011110001001000
5
000010000111110001001000
0
000010000111110000001000
0
100001000011110000000000
6
010001000011110000000010
6
001001000011110000001010
2
001001000001110000001011
8
001001000011110010101011
2
001001000001110010101011
8
001001000011110010111001
6
000101000011110010111001
2
000101000001110010111001
5
000100100001110010111000
3
000100100000100010111000
7
000100100001100110011000
5
000101000001100110011000
8
000101000011100010011000
6
000011000011100010011000
4
000011000001000000011000
8
000011000011000000111010
6
000101000011000000111010
4
000101000001000000111010
8
000101000011001000110010
6
001001000011001000110010
4
001001000001001000110010
8
001001000011001000100010
6
010001000011001000100010
4
010001000001001000100010
8
010001000011001000000010
6
100001000011001000000010
2
100001000001100000010010
8
100001000011100000010010
6
010001000011100000010010
6
001001000011100000010010
2
001001000001100000010010
8
001001000011100010010001
6
000101000011100010010001
2
000101000001100010010001
8
000101000011100010010000
6
000011000011100010010000
0
000011000001000000011000
0
000011000001100000011000
0
000011000011100000011000
0
100001000011110000000000
5
100000100011110000000000
6
010000100011110000000000
5
010000010011110000000010
1
010000010010110000000010
7
010000010011110001000010
1
010000010010110001000010
7
010000010011110001010000
5
010000001011110001010000
5
010000000111110001010000
6
001000000111110000010000
4
001000000101010000010000
8
001000000111011000000001
6
010000000111011000100001
4
010000000101011000100011
8
010000000111011000000011
6
100000000111011000000011
3
100000000110000000000011
7
100000000111000000001011
5
100000001011000000001011
1
100000001010010000001011
7
100000001011010001001010
5
100000000111010001001010
3
100000000110000000001010
7
100000000111000000001010
5
100000001011000000001011
1
100000001010010000001011
7
100000001011010001101010
5
100000000111010001101010
2
100000000101110000101011
8
100000000111110000101011
6
010000000111110000101011
4
010000000101010000101011
8
010000000111011000001011
3
010000000110001000001011
6
100000000110001000001011
7
100000000111000000011011
5
100000001011000000011011
1
100000001010010000011011
0
100000001010010001011011
0
100001000011110000000000
6
010001000011110000000000
5
010000100011110000000000
5
010000010011110000000100
2
010000010001110000000100
8
010000010011110010000000
6
001000010011110010000000
3
001000010010100010100000
6
000100010010100010100000
6
000010010010100010100000
7
000010010011100000100000
5
000010100011100000100000
3
000010100010100000100000
7
000010100011100100000000
5
000011000011100100010000
4
000011000001000000110000
1
000011000000010000110000
7
000011000001010000110000
5
000010100001010000110000
3
000010100000000000110000
7
000010100001000100010000
5
000011000001000100010000
8
000011000011000000010000
6
000101000011000000010010
6
001001000011000000010010
2
001001000001100000010011
8
001001000011100010010001
6
000101000011100010010001
2
000101000001100010010001
8
000101000011100010011000
6
000011000011100010011000
1
000011000010110000011000
7
000011000011110000011000
4
000011000001010000011000
8
000011000011010000011100
5
000010100011010000011100
1
000010100010010000011100
6
000100100010010001011000
4
000100100000010001011000
0
000100100001011001010000
0
100001000011110000000000
0
100001000011110000000000
5
100000100011110000000000
6
010000100011110000000000
6
001000100011110000000000
4
001000100001010000010000
8
001000100011011000000100
6
010000100011011000000100
6
100000100011011000000100
1
100000100010010000000110
7
100000100011010001000010
5
100000010011010001000010
1
100000010010010001000010
7
100000010011010001000000
5
100000001011010001000000
5
100000000111010001000000
2
100000000101110000010000
8
100000000111110000010000
6
010000000111110000010000
6
001000000111110000010000
4
001000000101010000010010
8
001000000111011000000010
6
010000000111011000001110
6
100000000111011000101110
2
100000000101110000101110
8
100000000111110000101110
6
010000000111110000101110
2
010000000101110000101110
8
010000000111110010111010
6
001000000111110010111010
2
001000000101110010111011
8
001000000111110010111001
6
000100000111110010111001
2
000100000101110010111001
8
000100000111110010111000
6
000010000111110010111000
0
000010000110100000111000
0
000010000100100000111000
0
000010000100000000111000
0
000010000110000000111000
0
100001000011110000000000
6
010001000011110000010000
6
001001000011110000010000
4
001001000001010000010010
8
001001000011011000000110
5
001000100011011000000110
1
001000100010011000000110
7
001000100011011001000010
5
001000010011011001000010
1
001000010010011001000010
6
010000010010011001010000
6
100000010010011001010000
7
100000010011010001010100
5
100000001011010001010100
5
100000000111010001010100
2
100000000101110000010100
8
100000000111110000010100
6
010000000111110000010100
2
010000000101110000010110
8
010000000111110010010010
6
001000000111110010011010
2
001000000101110010011010
8
001000000111110010011010
2
001000000101110010011010
8
001000000111110010011000
6
000100000111110010011000
6
000010000111110010011010
3
000010000110100000011010
7
000010000111100000011010
5
000010001011100000011010
3
000010001010100000011010
7
000010001011100100010010
5
000010010011100100010010
3
000010010010100100010010
7
000010010011100100000010
5
000010100011100100000010
5
000011000011100100000011
0
000011000011100000000011
0
000011000001000000000011
0
000011000011000000100011
0
100001000011110000000000
5
100000100011110000000000
5
100000010011110000010000
3
100000010010100000010000
7
100000010011100100010001
3
100000010010100100010001
7
100000010011100100000001
5
100000100011100100000001
5
100001000011100100100001
6
010001000011100000100001
4
010001000001000000100011
8
010001000011001000000011
6
100001000011001000000011
2
100001000001100000000011
8
100001000011100000001011
6
010001000011100000001011
6
001001000011100000001011
2
001001000001100000011011
8
001001000011100010011001
6
000101000011100010011001
2
000101000001100010011001
8
000101000011100010011000
6
000011000011100010011000
4
000011000001000000011010
8
000011000011000000011010
6
000101000011000000011010
4
000101000001000000011010
8
000101000011001000010010
6
001001000011001000010010
4
001001000001001000010010
8
001001000011001000100010
6
010001000011001000100010
4
010001000001001000110010
8
010001000011001000010010
6
100001000011001000010110
1
100001000010010000010110
7
100001000011010000010110
5
100000100011010000010110
1
100000100010010000010110
0
100000100000010001010010
0
100001000011110000000000
6
010001000011110000000000
5
010000100011110000000000
5
010000010011110000000000
5
010000001011110000000000
3
010000001010100000000000
7
010000001011100000100000
4
010000001001000000111000
3
010000001000001000011000
7
010000001001001100010000
5
010000010001001100110000
3
010000010000001100010000
8
010000010010001100000000
6
100000010010001100000010
7
100000010011000100000010
5
100000100011000100000010
5
100001000011000100000010
2
100001000001100000000010
8
100001000011100000000010
6
010001000011100000100111
2
010001000001100000100111
8
010001000011100010100011
6
001001000011100010100011
2
001001000001100010100011
8
001001000011100010100001
6
000101000011100010101001
2
000101000001100010101001
8
000101000011100010101000
6
000011000011100010101000
4
000011000001000000101000
8
000011000011000000111001
6
000101000011000000111001
2
000101000001100000111001
8
000101000011100010111000
6
000011000011100010111000
1
000011000010110000111000
7
000011000011110000111000
5
000010100011110000111000
3
000010100010100000111000
0
000010100000100100011000
0
100001000011110000000000
5
100000100011110000000000
3
100000100010100000000000
6
010000100010100000000000
6
001000100010100000000000
1
001000100010110000000000
3
001000100010100000000000
7
001000100011100000000010
2
001000100001100000100010
3
001000100000100010100000
7
001000100001100110000000
5
001001000001100110000000
8
001001000011100010000000
6
000101000011100010000000
6
000011000011100010000000
4
000011000001000000000000
8
000011000011000000001000
6
000101000011000000011000
4
000101000001000000011010
8
000101000011001000011010
4
000101000001001000011110
8
000101000011001000010111
6
001001000011001000010111
4
001001000001001000010111
8
001001000011001000000111
6
010001000011001000000111
6
100001000011001000000111
2
100001000001100000000111
8
100001000011100000000111
6
010001000011100000000111
2
010001000001100000000111
8
010001000011100010000011
6
001001000011100010100011
2
001001000001100010100011
8
001001000011100010100001
6
000101000011100010100001
2
000101000001100010100001
8
000101000011100010100000
6
000011000011100010100000
0
000011000010100000100010
0
100001000011110000000000
6
010001000011110000000000
6
001001000011110000000000
5
001000100011110000000000
1
001000100010110000000010
2
001000100000110000000010
8
001000100010110010000010
2
001000100000110010000010
8
001000100010110010010000
6
000100100010110010010000
6
000010100010110010010000
7
000010100011110000010000
5
000010010011110000010000
3
000010010010100000010000
7
000010010011100100000000
5
000010100011100100000000
5
000011000011100100000000
4
000011000001000000000000
8
000011000011000000000000
6
000101000011000000000000
1
000101000010010000000000
7
000101000011010000000000
5
000100100011010000010000
5
000100010011010000010000
3
000100010010000000010000
7
000100010011000100000100
5
000100100011000100000100
5
000101000011000100000101
2
000101000001100000100101
8
000101000011100010110100
6
000011000011100010110100
1
000011000010110000111100
7
000011000011110000111100
5
000010100011110000111100
5
000010010011110000111100
3
000010010010100000111100
7
000010010011100100101100
5
000010100011100100101100
3
000010100010100100111100
0
000010100000000100011100
0
100001000011110000000000
6
010001000011110000000000
5
010000100011110000000010
5
010000010011110000000010
1
010000010010110000000110
7
010000010011110001000100
5
010000001011110001000100
5
010000000111110001000100
2
010000000101110000000100
8
010000000111110010000000
6
001000000111110010001010
2
001000000101110010011010
8
001000000111110010011000
6
000100000111110010011000
6
000010000111110010011000
3
000010000110100000011000
7
000010000111100000011010
5
000010001011100000011010
3
000010001010100000011010
7
000010001011100100010010
5
000010010011100100010010
3
000010010010100100010010
7
000010010011100100010010
3
000010010010100100010010
7
000010010011100100000010
5
000010100011100100000010
5
000011000011100100000010
4
000011000001000000000010
8
000011000011000000000010
6
000101000011000000000010
6
001001000011000000000010
2
001001000001100000000010
8
001001000011100010001000
6
000101000011100010001000
6
000011000011100010001000
1
000011000010110000001000
7
000011000011110000001000
5
000010100011110000011000
1
000010100010100000011000
0
000010100010100000011000
0
100001000011110000000000
6
010001000011110000000000
5
010000100011110000011000
5
010000010011110000011010
5
010000001011110000011010
3
010000001010100000011010
7
010000001011100100010010
5
010000010011100100010010
3
010000010010100100010010
7
010000010011100100000010
5
010000100011100100000011
5
010001000011100100000011
6
001001000011100000000011
2
001001000001100000000011
8
001001000011100010010001
6
000101000011100010010001
2
000101000001100010010001
8
000101000011100010010000
6
000011000011100010010000
4
000011000001000000010000
8
000011000011000000010000
6
000101000011000000010010
6
001001000011000000010010
4
001001000001000000010010
8
001001000011001000000010
6
010001000011001000010010
6
100001000011001000010110
1
100001000010010000010110
7
100001000011010000010110
5
100000100011010000010110
1
100000100010010000111110
7
100000100011010001111010
5
100000010011010001111010
1
100000010010010001111110
2
100000010000110001111110
7
100000010001110001111100
5
100000001001110001111100
5
100000000101110001111100
0
100000000100100000111100
0
100000000100110000111100
0
100001000011110000000000
6
010001000011110000000000
5
010000100011110000000000
5
010000010011110000000000
6
001000010011110000000000
1
001000010010110000000000
6
000100010010110000000000
4
000100010000010000000000
8
000100010010010000001000
4
000100010000010000001000
8
000100010010011000000000
6
001000010010011000100000
6
010000010010011000100000
4
010000010000011000100000
8
010000010010011000000000
6
100000010010011000000000
4
100000010000010000000000
2
100000010000110000001000
7
100000010001110000001000
5
100000001001110000001000
3
100000001000100000001000
7
100000001001100100000001
5
100000010001100100000001
5
100000100001100100000011
5
100001000001100100000011
8
100001000011100000000011
6
010001000011100000000011
6
001001000011100000010011
2
001001000001100000010011
8
001001000011100010010001
6
000101000011100010010001
2
000101000001100010010001
8
000101000011100010010000
6
000011000011100010010000
4
000011000001000000010100
1
000011000000010000110100
7
000011000001010000110100
5
000010100001010000111100
1
000010100000010000111100
0
000010100010010001111000
0
100001000011110000000000
6
010001000011110000000000
5
010000100011110000010001
6
001000100011110000010001
6
000100100011110000010011
2
000100100001110000010111
1
000100100000110010010110
7
000100100001110011010010
5
000100010001110011110010
1
000100010000110011110010
8
000100010010110011110000
6
000010010010110011110000
7
000010010011110001111000
5
000010001011110001111011
1
000010001010110001111011
7
000010001011110001111010
5
000010000111110001111010
3
000010000110100000111010
7
000010000111100000111010
5
000010001011100000111010
3
000010001010100000111010
7
000010001011100100110010
5
000010010011100100110010
3
000010010010100100110010
7
000010010011100100100010
5
000010100011100100100010
3
000010100010100100100010
7
000010100011100100000010
5
000011000011100100000110
4
000011000001000000000110
8
000011000011000000000110
6
000101000011000000010110
6
001001000011000000010110
4
001001000001000000010110
8
001001000011001000000111
6
010001000011001000000111
6
100001000011001000000111
0
100001000010010000000111
0
100001000000010000000111
0
100001000000000000000111
0
100001000011110000000000
5
100000100011110000010010
5
100000010011110000011010
5
100000001011110000011010
3
100000001010100000011010
7
100000001011100100010011
5
100000010011100100010011
3
100000010010100100010011
7
100000010011100100000011
5
100000100011100100010011
5
100001000011100100010011
6
010001000011100000010011
6
001001000011100000011011
2
001001000001100000011011
8
001001000011100010011001
6
000101000011100010011001
2
000101000001100010011001
8
000101000011100010011000
6
000011000011100010011000
4
000011000001000000111000
8
000011000011000000111000
6
000101000011000000111000
4
000101000001000000111000
8
000101000011001000110000
6
001001000011001000110000
4
001001000001001000110000
8
001001000011001000100000
6
010001000011001000100000
4
010001000001001000100000
8
010001000011001000000000
6
100001000011001000000000
2
100001000001100000100000
8
100001000011100000100010
6
010001000011100000100010
4
010001000001000000100010
8
010001000011001000100010
4
010001000001001000100010
8
010001000011001000000010
6
100001000011001000000010
0
100001000011000000000010
0
